name ellipsoid active True additive True position  0.0 0.0 0.0 extents  25.0 200.0 25.0 orientation  1.0 0.0 0.0 0.0 1.0 0.0 0.0 0.0 1.0 priority  0 tags_begin  central_spire tags_end # 
name ellipsoid active True additive True position  100.0 0.0 0.0 extents  100.0 75.0 50.0 orientation  1.0 0.0 0.0 0.0 1.0 0.0 0.0 0.0 1.0 priority  0 tags_begin  wing tags_end # 
name fuckoff active True additive True position  0.0 0.0 0.0 extents  0.0 0.0 0.0 orientation  1.0 0.0 0.0 0.0 1.0 0.0 0.0 0.0 1.0 priority  0 tags_begin  tags_end # 
name cylinder active True additive False position  150.0 0.0 0.0 extents  40.0 40.0 40.0 orientation  1.0 0.0 0.0 0.0 6.12303176911e-17 1.0 0.0 -1.0 6.12303176911e-17 priority  -2 tags_begin  indent tags_end # 
name rectangle active True additive False position  110.0 0.0 40.0 extents  90.0 40.0 20.0 orientation  1.0 0.0 0.0 0.0 1.0 0.0 0.0 0.0 1.0 priority  -3 tags_begin  indent tags_end # 
name ellipsoid active True additive True position  -50.0 0.0 -86.6025403784 extents  100.0 75.0 50.0 orientation  -0.5 0.0 0.866025403784 0.0 1.0 0.0 -0.866025403784 0.0 -0.5 priority  0 tags_begin  wing tags_end # 
name ellipsoid active True additive True position  -50.0 0.0 86.6025403784 extents  100.0 75.0 50.0 orientation  -0.5 0.0 -0.866025403784 0.0 1.0 0.0 0.866025403784 0.0 -0.5 priority  0 tags_begin  wing tags_end # 
name rectangle active True additive False position  100.0 20.0 0.0 extents  30.0 10.0 10.0 orientation  1.0 0.0 0.0 0.0 1.0 0.0 0.0 0.0 1.0 priority  -5 tags_begin  tags_end # 
name rectangle active True additive False position  110.0 0.0 -40.0 extents  90.0 40.0 20.0 orientation  1.0 0.0 0.0 0.0 1.0 0.0 0.0 0.0 -1.0 priority  -3 tags_begin  indent tags_end # 
name fuckoff active True additive True position  0.0 0.0 0.0 extents  0.0 0.0 0.0 orientation  1.0 0.0 0.0 0.0 1.0 0.0 0.0 0.0 1.0 priority  0 tags_begin  tags_end # 
name cylinder active True additive False position  -75.0 0.0 -129.903810568 extents  40.0 40.0 40.0 orientation  -0.5 -0.866025403784 5.30270106023e-17 0.0 6.12303176911e-17 1.0 -0.866025403784 0.5 -3.06151588456e-17 priority  -2 tags_begin  indent tags_end # 
name rectangle active True additive False position  -20.3589838486 0.0 -115.262794416 extents  90.0 40.0 20.0 orientation  -0.5 0.0 0.866025403784 0.0 1.0 0.0 -0.866025403784 0.0 -0.5 priority  -3 tags_begin  indent tags_end # 
name cylinder active True additive False position  -75.0 0.0 129.903810568 extents  40.0 40.0 40.0 orientation  -0.5 0.866025403784 -5.30270106023e-17 0.0 6.12303176911e-17 1.0 0.866025403784 0.5 -3.06151588456e-17 priority  -2 tags_begin  indent tags_end # 
name rectangle active True additive False position  -89.6410161514 0.0 75.2627944163 extents  90.0 40.0 20.0 orientation  -0.5 0.0 -0.866025403784 0.0 1.0 0.0 0.866025403784 0.0 -0.5 priority  -3 tags_begin  indent tags_end # 
name rectangle active True additive False position  100.0 -20.0 0.0 extents  30.0 10.0 10.0 orientation  1.0 0.0 0.0 0.0 -1.0 0.0 0.0 0.0 1.0 priority  -5 tags_begin  tags_end # 
name fuckoff active True additive True position  0.0 0.0 0.0 extents  0.0 0.0 0.0 orientation  1.0 0.0 0.0 0.0 1.0 0.0 0.0 0.0 -1.0 priority  0 tags_begin  tags_end # 
name rectangle active True additive False position  -50.0 20.0 -86.6025403784 extents  30.0 10.0 10.0 orientation  -0.5 0.0 0.866025403784 0.0 1.0 0.0 -0.866025403784 0.0 -0.5 priority  -5 tags_begin  tags_end # 
name rectangle active True additive False position  -89.6410161514 0.0 -75.2627944163 extents  90.0 40.0 20.0 orientation  -0.5 0.0 -0.866025403784 0.0 1.0 0.0 -0.866025403784 0.0 0.5 priority  -3 tags_begin  indent tags_end # 
name fuckoff active True additive True position  0.0 0.0 0.0 extents  0.0 0.0 0.0 orientation  -0.5 0.0 0.866025403784 0.0 1.0 0.0 -0.866025403784 0.0 -0.5 priority  0 tags_begin  tags_end # 
name rectangle active True additive False position  -50.0 20.0 86.6025403784 extents  30.0 10.0 10.0 orientation  -0.5 0.0 -0.866025403784 0.0 1.0 0.0 0.866025403784 0.0 -0.5 priority  -5 tags_begin  tags_end # 
name rectangle active True additive False position  -20.3589838486 0.0 115.262794416 extents  90.0 40.0 20.0 orientation  -0.5 0.0 0.866025403784 0.0 1.0 0.0 0.866025403784 0.0 0.5 priority  -3 tags_begin  indent tags_end # 
name fuckoff active True additive True position  0.0 0.0 0.0 extents  0.0 0.0 0.0 orientation  -0.5 0.0 -0.866025403784 0.0 1.0 0.0 0.866025403784 0.0 -0.5 priority  0 tags_begin  tags_end # 
name rectangle active True additive False position  -50.0 -20.0 -86.6025403784 extents  30.0 10.0 10.0 orientation  -0.5 0.0 0.866025403784 0.0 -1.0 0.0 -0.866025403784 -0.0 -0.5 priority  -5 tags_begin  tags_end # 
name fuckoff active True additive True position  0.0 0.0 0.0 extents  0.0 0.0 0.0 orientation  -0.5 0.0 -0.866025403784 0.0 1.0 0.0 -0.866025403784 0.0 0.5 priority  0 tags_begin  tags_end # 
name rectangle active True additive False position  -50.0 -20.0 86.6025403784 extents  30.0 10.0 10.0 orientation  -0.5 -0.0 -0.866025403784 0.0 -1.0 0.0 0.866025403784 0.0 -0.5 priority  -5 tags_begin  tags_end # 
name fuckoff active True additive True position  0.0 0.0 0.0 extents  0.0 0.0 0.0 orientation  -0.5 0.0 0.866025403784 0.0 1.0 0.0 0.866025403784 0.0 0.5 priority  0 tags_begin  tags_end # 

