name ellipsoid active True additive True position  0.0 0.0 0.0 extents  76.0 10.0 76.0 orientation  1.0 0.0 0.0 0.0 1.0 0.0 0.0 0.0 1.0 priority  0 tags_begin  ring tags_end # 
name cylinder active True additive False position  0.0 0.0 0.0 extents  39.1032252923 12.0 39.1032252923 orientation  1.0 0.0 0.0 0.0 1.0 0.0 0.0 0.0 1.0 priority  -1 tags_begin  tags_end # 
name ellipsoid active True additive True position  76.0 0.0 0.0 extents  10.0 32.0 12.0 orientation  1.0 0.0 0.0 0.0 1.0 0.0 0.0 0.0 1.0 priority  -2 tags_begin  spire tags_end # 
name cylinder active True additive True position  -38.0 0.0 0.0 extents  4.0 38.0 5.0 orientation  6.12303176911e-17 1.0 0.0 -1.0 6.12303176911e-17 0.0 0.0 0.0 1.0 priority  -5 tags_begin  spoke tags_end # 
name cylinder active True additive True position  0.0 0.0 0.0 extents  13.0 20.0 13.0 orientation  1.0 0.0 0.0 0.0 1.0 0.0 0.0 0.0 1.0 priority  -2 tags_begin  centre tags_end # 
name cylinder active True additive True position  76.0 32.0 0.0 extents  8.34925181266 16.958120394 7.77519377667 orientation  1.0 0.0 0.0 0.0 1.0 0.0 0.0 0.0 1.0 priority  0 tags_begin  tags_end # 
name ellipsoid active True additive True position  38.0 0.0 -65.8179306876 extents  10.0 32.0 12.0 orientation  0.5 0.0 0.866025403784 0.0 1.0 0.0 -0.866025403784 0.0 0.5 priority  -2 tags_begin  spire tags_end # 
name ellipsoid active True additive True position  -38.0 0.0 -65.8179306876 extents  10.0 32.0 12.0 orientation  -0.5 0.0 0.866025403784 0.0 1.0 0.0 -0.866025403784 0.0 -0.5 priority  -2 tags_begin  spire tags_end # 
name ellipsoid active True additive True position  -76.0 0.0 -9.30700828905e-15 extents  10.0 32.0 12.0 orientation  -1.0 0.0 1.22460635382e-16 0.0 1.0 0.0 -1.22460635382e-16 0.0 -1.0 priority  -2 tags_begin  spire tags_end # 
name ellipsoid active True additive True position  -38.0 0.0 65.8179306876 extents  10.0 32.0 12.0 orientation  -0.5 0.0 -0.866025403784 0.0 1.0 0.0 0.866025403784 0.0 -0.5 priority  -2 tags_begin  spire tags_end # 
name ellipsoid active True additive True position  38.0 0.0 65.8179306876 extents  10.0 32.0 12.0 orientation  0.5 0.0 -0.866025403784 0.0 1.0 0.0 0.866025403784 0.0 0.5 priority  -2 tags_begin  spire tags_end # 
name cylinder active True additive False position  -38.0 0.0 0.0 extents  2.0 45.6 2.5 orientation  6.12303176911e-17 1.0 0.0 -1.0 6.12303176911e-17 0.0 0.0 0.0 1.0 priority  -10 tags_begin  spoke_passage tags_end # 
name cylinder active True additive True position  -19.0 0.0 32.9089653438 extents  4.0 38.0 5.0 orientation  3.06151588456e-17 0.5 0.866025403784 -1.0 6.12303176911e-17 0.0 -5.30270106023e-17 -0.866025403784 0.5 priority  -5 tags_begin  spoke tags_end # 
name cylinder active True additive True position  19.0 0.0 32.9089653438 extents  4.0 38.0 5.0 orientation  -3.06151588456e-17 -0.5 0.866025403784 -1.0 6.12303176911e-17 0.0 -5.30270106023e-17 -0.866025403784 -0.5 priority  -5 tags_begin  spoke tags_end # 
name cylinder active True additive True position  38.0 0.0 4.65350414453e-15 extents  4.0 38.0 5.0 orientation  -6.12303176911e-17 -1.0 1.22460635382e-16 -1.0 6.12303176911e-17 0.0 -7.49830360911e-33 -1.22460635382e-16 -1.0 priority  -5 tags_begin  spoke tags_end # 
name cylinder active True additive True position  19.0 0.0 -32.9089653438 extents  4.0 38.0 5.0 orientation  -3.06151588456e-17 -0.5 -0.866025403784 -1.0 6.12303176911e-17 0.0 5.30270106023e-17 0.866025403784 -0.5 priority  -5 tags_begin  spoke tags_end # 
name cylinder active True additive True position  -19.0 0.0 -32.9089653438 extents  4.0 38.0 5.0 orientation  3.06151588456e-17 0.5 -0.866025403784 -1.0 6.12303176911e-17 0.0 5.30270106023e-17 0.866025403784 0.5 priority  -5 tags_begin  spoke tags_end # 
name cylinder active True additive True position  76.0 -32.0 0.0 extents  8.34925181266 16.958120394 7.77519377667 orientation  1.0 0.0 0.0 0.0 -1.0 0.0 0.0 0.0 1.0 priority  0 tags_begin  tags_end # 
name cylinder active True additive True position  38.0 32.0 -65.8179306876 extents  8.34925181266 16.958120394 7.77519377667 orientation  0.5 0.0 0.866025403784 0.0 1.0 0.0 -0.866025403784 0.0 0.5 priority  0 tags_begin  tags_end # 
name cylinder active True additive True position  -38.0 32.0 -65.8179306876 extents  8.34925181266 16.958120394 7.77519377667 orientation  -0.5 0.0 0.866025403784 0.0 1.0 0.0 -0.866025403784 0.0 -0.5 priority  0 tags_begin  tags_end # 
name cylinder active True additive True position  -76.0 32.0 -9.30700828905e-15 extents  8.34925181266 16.958120394 7.77519377667 orientation  -1.0 0.0 1.22460635382e-16 0.0 1.0 0.0 -1.22460635382e-16 0.0 -1.0 priority  0 tags_begin  tags_end # 
name cylinder active True additive True position  -38.0 32.0 65.8179306876 extents  8.34925181266 16.958120394 7.77519377667 orientation  -0.5 0.0 -0.866025403784 0.0 1.0 0.0 0.866025403784 0.0 -0.5 priority  0 tags_begin  tags_end # 
name cylinder active True additive True position  38.0 32.0 65.8179306876 extents  8.34925181266 16.958120394 7.77519377667 orientation  0.5 0.0 -0.866025403784 0.0 1.0 0.0 0.866025403784 0.0 0.5 priority  0 tags_begin  tags_end # 
name cylinder active True additive False position  -19.0 0.0 32.9089653438 extents  2.0 45.6 2.5 orientation  3.06151588456e-17 0.5 0.866025403784 -1.0 6.12303176911e-17 0.0 -5.30270106023e-17 -0.866025403784 0.5 priority  -10 tags_begin  spoke_passage tags_end # 
name cylinder active True additive False position  19.0 0.0 32.9089653438 extents  2.0 45.6 2.5 orientation  -3.06151588456e-17 -0.5 0.866025403784 -1.0 6.12303176911e-17 0.0 -5.30270106023e-17 -0.866025403784 -0.5 priority  -10 tags_begin  spoke_passage tags_end # 
name cylinder active True additive False position  38.0 0.0 4.65350414453e-15 extents  2.0 45.6 2.5 orientation  -6.12303176911e-17 -1.0 1.22460635382e-16 -1.0 6.12303176911e-17 0.0 -7.49830360911e-33 -1.22460635382e-16 -1.0 priority  -10 tags_begin  spoke_passage tags_end # 
name cylinder active True additive False position  19.0 0.0 -32.9089653438 extents  2.0 45.6 2.5 orientation  -3.06151588456e-17 -0.5 -0.866025403784 -1.0 6.12303176911e-17 0.0 5.30270106023e-17 0.866025403784 -0.5 priority  -10 tags_begin  spoke_passage tags_end # 
name cylinder active True additive False position  -19.0 0.0 -32.9089653438 extents  2.0 45.6 2.5 orientation  3.06151588456e-17 0.5 -0.866025403784 -1.0 6.12303176911e-17 0.0 5.30270106023e-17 0.866025403784 0.5 priority  -10 tags_begin  spoke_passage tags_end # 
name cylinder active True additive True position  38.0 -32.0 -65.8179306876 extents  8.34925181266 16.958120394 7.77519377667 orientation  0.5 0.0 0.866025403784 0.0 -1.0 0.0 -0.866025403784 0.0 0.5 priority  0 tags_begin  tags_end # 
name cylinder active True additive True position  -38.0 -32.0 -65.8179306876 extents  8.34925181266 16.958120394 7.77519377667 orientation  -0.5 0.0 0.866025403784 0.0 -1.0 0.0 -0.866025403784 -0.0 -0.5 priority  0 tags_begin  tags_end # 
name cylinder active True additive True position  -76.0 -32.0 -9.30700828905e-15 extents  8.34925181266 16.958120394 7.77519377667 orientation  -1.0 0.0 1.22460635382e-16 0.0 -1.0 0.0 -1.22460635382e-16 -0.0 -1.0 priority  0 tags_begin  tags_end # 
name cylinder active True additive True position  -38.0 -32.0 65.8179306876 extents  8.34925181266 16.958120394 7.77519377667 orientation  -0.5 -0.0 -0.866025403784 0.0 -1.0 0.0 0.866025403784 0.0 -0.5 priority  0 tags_begin  tags_end # 
name cylinder active True additive True position  38.0 -32.0 65.8179306876 extents  8.34925181266 16.958120394 7.77519377667 orientation  0.5 0.0 -0.866025403784 0.0 -1.0 0.0 0.866025403784 0.0 0.5 priority  0 tags_begin  tags_end # 

