name ellipsoid active True additive True position  0.0 0.0 0.0 extents  65.0 25.0 65.0 orientation  1.0 0.0 0.0 0.0 1.0 0.0 0.0 0.0 1.0 priority  0 tags_begin  ring tags_end # 
name cylinder active True additive False position  0.0 0.0 0.0 extents  47.8481271715 30.0 47.8481271715 orientation  1.0 0.0 0.0 0.0 1.0 0.0 0.0 0.0 1.0 priority  -1 tags_begin  tags_end # 
name cylinder active True additive True position  65.0 0.0 0.0 extents  15.0 33.0 23.0 orientation  1.0 0.0 0.0 0.0 1.0 0.0 0.0 0.0 1.0 priority  -2 tags_begin  spire tags_end # 
name cylinder active True additive True position  -32.5 0.0 0.0 extents  6.0 32.5 8.0 orientation  6.12303176911e-17 1.0 0.0 -1.0 6.12303176911e-17 0.0 0.0 0.0 1.0 priority  -5 tags_begin  spoke tags_end # 
name ellipsoid active True additive True position  0.0 0.0 0.0 extents  14.0 16.0 14.0 orientation  1.0 0.0 0.0 0.0 1.0 0.0 0.0 0.0 1.0 priority  -2 tags_begin  centre tags_end # 
name cylinder active True additive True position  65.0 33.0 0.0 extents  11.7091645951 27.4398231937 18.1670075265 orientation  1.0 0.0 0.0 0.0 1.0 0.0 0.0 0.0 1.0 priority  0 tags_begin  tags_end # 
name cylinder active True additive True position  32.5 0.0 -56.291651246 extents  15.0 33.0 23.0 orientation  0.5 0.0 0.866025403784 0.0 1.0 0.0 -0.866025403784 0.0 0.5 priority  -2 tags_begin  spire tags_end # 
name cylinder active True additive True position  -32.5 0.0 -56.291651246 extents  15.0 33.0 23.0 orientation  -0.5 0.0 0.866025403784 0.0 1.0 0.0 -0.866025403784 0.0 -0.5 priority  -2 tags_begin  spire tags_end # 
name cylinder active True additive True position  -65.0 0.0 -7.95994129985e-15 extents  15.0 33.0 23.0 orientation  -1.0 0.0 1.22460635382e-16 0.0 1.0 0.0 -1.22460635382e-16 0.0 -1.0 priority  -2 tags_begin  spire tags_end # 
name cylinder active True additive True position  -32.5 0.0 56.291651246 extents  15.0 33.0 23.0 orientation  -0.5 0.0 -0.866025403784 0.0 1.0 0.0 0.866025403784 0.0 -0.5 priority  -2 tags_begin  spire tags_end # 
name cylinder active True additive True position  32.5 0.0 56.291651246 extents  15.0 33.0 23.0 orientation  0.5 0.0 -0.866025403784 0.0 1.0 0.0 0.866025403784 0.0 0.5 priority  -2 tags_begin  spire tags_end # 
name cylinder active True additive False position  -32.5 0.0 0.0 extents  3.0 39.0 4.0 orientation  6.12303176911e-17 1.0 0.0 -1.0 6.12303176911e-17 0.0 0.0 0.0 1.0 priority  -10 tags_begin  spoke_passage tags_end # 
name cylinder active True additive True position  65.0 -33.0 0.0 extents  11.7091645951 27.4398231937 18.1670075265 orientation  1.0 0.0 0.0 0.0 -1.0 0.0 0.0 0.0 1.0 priority  0 tags_begin  tags_end # 
name cylinder active True additive True position  32.5 33.0 -56.291651246 extents  11.7091645951 27.4398231937 18.1670075265 orientation  0.5 0.0 0.866025403784 0.0 1.0 0.0 -0.866025403784 0.0 0.5 priority  0 tags_begin  tags_end # 
name cylinder active True additive True position  -32.5 33.0 -56.291651246 extents  11.7091645951 27.4398231937 18.1670075265 orientation  -0.5 0.0 0.866025403784 0.0 1.0 0.0 -0.866025403784 0.0 -0.5 priority  0 tags_begin  tags_end # 
name cylinder active True additive True position  -65.0 33.0 -7.95994129985e-15 extents  11.7091645951 27.4398231937 18.1670075265 orientation  -1.0 0.0 1.22460635382e-16 0.0 1.0 0.0 -1.22460635382e-16 0.0 -1.0 priority  0 tags_begin  tags_end # 
name cylinder active True additive True position  -32.5 33.0 56.291651246 extents  11.7091645951 27.4398231937 18.1670075265 orientation  -0.5 0.0 -0.866025403784 0.0 1.0 0.0 0.866025403784 0.0 -0.5 priority  0 tags_begin  tags_end # 
name cylinder active True additive True position  32.5 33.0 56.291651246 extents  11.7091645951 27.4398231937 18.1670075265 orientation  0.5 0.0 -0.866025403784 0.0 1.0 0.0 0.866025403784 0.0 0.5 priority  0 tags_begin  tags_end # 
name cylinder active True additive True position  32.5 -33.0 -56.291651246 extents  11.7091645951 27.4398231937 18.1670075265 orientation  0.5 0.0 0.866025403784 0.0 -1.0 0.0 -0.866025403784 0.0 0.5 priority  0 tags_begin  tags_end # 
name cylinder active True additive True position  -32.5 -33.0 -56.291651246 extents  11.7091645951 27.4398231937 18.1670075265 orientation  -0.5 0.0 0.866025403784 0.0 -1.0 0.0 -0.866025403784 -0.0 -0.5 priority  0 tags_begin  tags_end # 
name cylinder active True additive True position  -65.0 -33.0 -7.95994129985e-15 extents  11.7091645951 27.4398231937 18.1670075265 orientation  -1.0 0.0 1.22460635382e-16 0.0 -1.0 0.0 -1.22460635382e-16 -0.0 -1.0 priority  0 tags_begin  tags_end # 
name cylinder active True additive True position  -32.5 -33.0 56.291651246 extents  11.7091645951 27.4398231937 18.1670075265 orientation  -0.5 -0.0 -0.866025403784 0.0 -1.0 0.0 0.866025403784 0.0 -0.5 priority  0 tags_begin  tags_end # 
name cylinder active True additive True position  32.5 -33.0 56.291651246 extents  11.7091645951 27.4398231937 18.1670075265 orientation  0.5 0.0 -0.866025403784 0.0 -1.0 0.0 0.866025403784 0.0 0.5 priority  0 tags_begin  tags_end # 

