name ellipsoid active True additive True position  0.0 0.0 0.0 extents  56.0 23.0 56.0 orientation  1.0 0.0 0.0 0.0 1.0 0.0 0.0 0.0 1.0 priority  0 tags_begin  ring tags_end # 
name cylinder active True additive False position  0.0 0.0 0.0 extents  32.8653094878 27.6 32.8653094878 orientation  1.0 0.0 0.0 0.0 1.0 0.0 0.0 0.0 1.0 priority  -1 tags_begin  tags_end # 
name cylinder active True additive True position  56.0 0.0 0.0 extents  11.0 37.0 15.0 orientation  1.0 0.0 0.0 0.0 1.0 0.0 0.0 0.0 1.0 priority  -2 tags_begin  spire tags_end # 
name cylinder active True additive True position  -28.0 0.0 0.0 extents  7.0 28.0 6.0 orientation  6.12303176911e-17 1.0 0.0 -1.0 6.12303176911e-17 0.0 0.0 0.0 1.0 priority  -5 tags_begin  spoke tags_end # 
name ellipsoid active True additive True position  0.0 0.0 0.0 extents  8.0 14.0 8.0 orientation  1.0 0.0 0.0 0.0 1.0 0.0 0.0 0.0 1.0 priority  -2 tags_begin  centre tags_end # 
name cylinder active True additive True position  56.0 37.0 0.0 extents  7.38581340691 21.5246962739 9.38780226082 orientation  1.0 0.0 0.0 0.0 1.0 0.0 0.0 0.0 1.0 priority  0 tags_begin  tags_end # 
name cylinder active True additive True position  -28.0 0.0 -48.4974226119 extents  11.0 37.0 15.0 orientation  -0.5 0.0 0.866025403784 0.0 1.0 0.0 -0.866025403784 0.0 -0.5 priority  -2 tags_begin  spire tags_end # 
name cylinder active True additive True position  -28.0 0.0 48.4974226119 extents  11.0 37.0 15.0 orientation  -0.5 0.0 -0.866025403784 0.0 1.0 0.0 0.866025403784 0.0 -0.5 priority  -2 tags_begin  spire tags_end # 
name cylinder active True additive False position  -28.0 0.0 0.0 extents  3.5 33.6 3.0 orientation  6.12303176911e-17 1.0 0.0 -1.0 6.12303176911e-17 0.0 0.0 0.0 1.0 priority  -10 tags_begin  spoke_passage tags_end # 
name cylinder active True additive True position  56.0 -37.0 0.0 extents  7.38581340691 21.5246962739 9.38780226082 orientation  1.0 0.0 0.0 0.0 -1.0 0.0 0.0 0.0 1.0 priority  0 tags_begin  tags_end # 
name cylinder active True additive True position  56.0 58.5246962739 0.0 extents  4.80215594966 13.9950662956 6.10382201625 orientation  1.0 0.0 0.0 0.0 1.0 0.0 0.0 0.0 1.0 priority  0 tags_begin  tower tags_end # 
name cylinder active True additive True position  -28.0 37.0 -48.4974226119 extents  7.38581340691 21.5246962739 9.38780226082 orientation  -0.5 0.0 0.866025403784 0.0 1.0 0.0 -0.866025403784 0.0 -0.5 priority  0 tags_begin  tags_end # 
name cylinder active True additive True position  -28.0 37.0 48.4974226119 extents  7.38581340691 21.5246962739 9.38780226082 orientation  -0.5 0.0 -0.866025403784 0.0 1.0 0.0 0.866025403784 0.0 -0.5 priority  0 tags_begin  tags_end # 
name cylinder active True additive True position  56.0 -58.5246962739 0.0 extents  4.80215594966 13.9950662956 6.10382201625 orientation  1.0 0.0 0.0 0.0 -1.0 0.0 0.0 0.0 1.0 priority  0 tags_begin  tower tags_end # 
name cylinder active True additive True position  -28.0 -37.0 -48.4974226119 extents  7.38581340691 21.5246962739 9.38780226082 orientation  -0.5 0.0 0.866025403784 0.0 -1.0 0.0 -0.866025403784 -0.0 -0.5 priority  0 tags_begin  tags_end # 
name cylinder active True additive True position  -28.0 58.5246962739 -48.4974226119 extents  4.80215594966 13.9950662956 6.10382201625 orientation  -0.5 0.0 0.866025403784 0.0 1.0 0.0 -0.866025403784 0.0 -0.5 priority  0 tags_begin  tower tags_end # 
name cylinder active True additive True position  -28.0 -37.0 48.4974226119 extents  7.38581340691 21.5246962739 9.38780226082 orientation  -0.5 -0.0 -0.866025403784 0.0 -1.0 0.0 0.866025403784 0.0 -0.5 priority  0 tags_begin  tags_end # 
name cylinder active True additive True position  -28.0 58.5246962739 48.4974226119 extents  4.80215594966 13.9950662956 6.10382201625 orientation  -0.5 0.0 -0.866025403784 0.0 1.0 0.0 0.866025403784 0.0 -0.5 priority  0 tags_begin  tower tags_end # 
name cylinder active True additive True position  -28.0 -58.5246962739 -48.4974226119 extents  4.80215594966 13.9950662956 6.10382201625 orientation  -0.5 0.0 0.866025403784 0.0 -1.0 0.0 -0.866025403784 -0.0 -0.5 priority  0 tags_begin  tower tags_end # 
name cylinder active True additive True position  -28.0 -58.5246962739 48.4974226119 extents  4.80215594966 13.9950662956 6.10382201625 orientation  -0.5 -0.0 -0.866025403784 0.0 -1.0 0.0 0.866025403784 0.0 -0.5 priority  0 tags_begin  tower tags_end # 

