name ellipsoid active True additive True position  0.0 0.0 0.0 extents  52.0 15.0 52.0 orientation  1.0 0.0 0.0 0.0 1.0 0.0 0.0 0.0 1.0 priority  0 tags_begin  ring tags_end # 
name cylinder active True additive False position  0.0 0.0 0.0 extents  27.8414119216 18.0 27.8414119216 orientation  1.0 0.0 0.0 0.0 1.0 0.0 0.0 0.0 1.0 priority  -1 tags_begin  tags_end # 
name ellipsoid active True additive True position  52.0 0.0 0.0 extents  12.0 49.0 11.0 orientation  1.0 0.0 0.0 0.0 1.0 0.0 0.0 0.0 1.0 priority  -2 tags_begin  spire tags_end # 
name cylinder active True additive True position  -26.0 0.0 0.0 extents  4.0 26.0 5.0 orientation  6.12303176911e-17 1.0 0.0 -1.0 6.12303176911e-17 0.0 0.0 0.0 1.0 priority  -5 tags_begin  spoke tags_end # 
name cylinder active True additive True position  0.0 0.0 0.0 extents  10.0 28.0 10.0 orientation  1.0 0.0 0.0 0.0 1.0 0.0 0.0 0.0 1.0 priority  -2 tags_begin  centre tags_end # 
name cylinder active True additive True position  52.0 49.0 0.0 extents  8.47297891863 26.2637772467 8.53411349629 orientation  1.0 0.0 0.0 0.0 1.0 0.0 0.0 0.0 1.0 priority  0 tags_begin  tags_end # 
name ellipsoid active True additive True position  1.42108547152e-14 0.0 -52.0 extents  12.0 49.0 11.0 orientation  6.12303176911e-17 0.0 1.0 0.0 1.0 0.0 -1.0 0.0 6.12303176911e-17 priority  -2 tags_begin  spire tags_end # 
name ellipsoid active True additive True position  -52.0 0.0 -6.36795303988e-15 extents  12.0 49.0 11.0 orientation  -1.0 0.0 1.22460635382e-16 0.0 1.0 0.0 -1.22460635382e-16 0.0 -1.0 priority  -2 tags_begin  spire tags_end # 
name ellipsoid active True additive True position  -1.42108547152e-14 0.0 52.0 extents  12.0 49.0 11.0 orientation  -1.83690953073e-16 0.0 -1.0 0.0 1.0 0.0 1.0 0.0 -1.83690953073e-16 priority  -2 tags_begin  spire tags_end # 
name cylinder active True additive False position  -26.0 0.0 0.0 extents  2.0 31.2 2.5 orientation  6.12303176911e-17 1.0 0.0 -1.0 6.12303176911e-17 0.0 0.0 0.0 1.0 priority  -10 tags_begin  spoke_passage tags_end # 
name cylinder active True additive True position  -8.03444185375 0.0 24.7274694237 extents  4.0 26.0 5.0 orientation  1.89212087375e-17 0.309016994375 0.951056516295 -1.0 6.12303176911e-17 0.0 -5.8233492635e-17 -0.951056516295 0.309016994375 priority  -5 tags_begin  spoke tags_end # 
name cylinder active True additive True position  21.0344418537 0.0 15.2824165596 extents  4.0 26.0 5.0 orientation  -4.95363675831e-17 -0.809016994375 0.587785252292 -1.0 6.12303176911e-17 0.0 -3.5990277732e-17 -0.587785252292 -0.809016994375 priority  -5 tags_begin  spoke tags_end # 
name cylinder active True additive True position  21.0344418537 0.0 -15.2824165596 extents  4.0 26.0 5.0 orientation  -4.95363675831e-17 -0.809016994375 -0.587785252292 -1.0 6.12303176911e-17 0.0 3.5990277732e-17 0.587785252292 -0.809016994375 priority  -5 tags_begin  spoke tags_end # 
name cylinder active True additive True position  -8.03444185375 0.0 -24.7274694237 extents  4.0 26.0 5.0 orientation  1.89212087375e-17 0.309016994375 -0.951056516295 -1.0 6.12303176911e-17 0.0 5.8233492635e-17 0.951056516295 0.309016994375 priority  -5 tags_begin  spoke tags_end # 
name cylinder active True additive True position  52.0 -49.0 0.0 extents  8.47297891863 26.2637772467 8.53411349629 orientation  1.0 0.0 0.0 0.0 -1.0 0.0 0.0 0.0 1.0 priority  0 tags_begin  tags_end # 
name cylinder active True additive True position  52.0 75.2637772467 0.0 extents  4.65534575206 14.4302216508 4.68893518963 orientation  1.0 0.0 0.0 0.0 1.0 0.0 0.0 0.0 1.0 priority  0 tags_begin  tower tags_end # 
name cylinder active True additive True position  1.42108547152e-14 49.0 -52.0 extents  8.47297891863 26.2637772467 8.53411349629 orientation  6.12303176911e-17 0.0 1.0 0.0 1.0 0.0 -1.0 0.0 6.12303176911e-17 priority  0 tags_begin  tags_end # 
name cylinder active True additive True position  -52.0 49.0 -6.36795303988e-15 extents  8.47297891863 26.2637772467 8.53411349629 orientation  -1.0 0.0 1.22460635382e-16 0.0 1.0 0.0 -1.22460635382e-16 0.0 -1.0 priority  0 tags_begin  tags_end # 
name cylinder active True additive True position  -1.42108547152e-14 49.0 52.0 extents  8.47297891863 26.2637772467 8.53411349629 orientation  -1.83690953073e-16 0.0 -1.0 0.0 1.0 0.0 1.0 0.0 -1.83690953073e-16 priority  0 tags_begin  tags_end # 
name cylinder active True additive False position  -8.03444185375 0.0 24.7274694237 extents  2.0 31.2 2.5 orientation  1.89212087375e-17 0.309016994375 0.951056516295 -1.0 6.12303176911e-17 0.0 -5.8233492635e-17 -0.951056516295 0.309016994375 priority  -10 tags_begin  spoke_passage tags_end # 
name cylinder active True additive False position  21.0344418537 0.0 15.2824165596 extents  2.0 31.2 2.5 orientation  -4.95363675831e-17 -0.809016994375 0.587785252292 -1.0 6.12303176911e-17 0.0 -3.5990277732e-17 -0.587785252292 -0.809016994375 priority  -10 tags_begin  spoke_passage tags_end # 
name cylinder active True additive False position  21.0344418537 0.0 -15.2824165596 extents  2.0 31.2 2.5 orientation  -4.95363675831e-17 -0.809016994375 -0.587785252292 -1.0 6.12303176911e-17 0.0 3.5990277732e-17 0.587785252292 -0.809016994375 priority  -10 tags_begin  spoke_passage tags_end # 
name cylinder active True additive False position  -8.03444185375 0.0 -24.7274694237 extents  2.0 31.2 2.5 orientation  1.89212087375e-17 0.309016994375 -0.951056516295 -1.0 6.12303176911e-17 0.0 5.8233492635e-17 0.951056516295 0.309016994375 priority  -10 tags_begin  spoke_passage tags_end # 
name cylinder active True additive True position  52.0 -75.2637772467 0.0 extents  4.65534575206 14.4302216508 4.68893518963 orientation  1.0 0.0 0.0 0.0 -1.0 0.0 0.0 0.0 1.0 priority  0 tags_begin  tower tags_end # 
name cylinder active True additive True position  1.42108547152e-14 -49.0 -52.0 extents  8.47297891863 26.2637772467 8.53411349629 orientation  6.12303176911e-17 0.0 1.0 0.0 -1.0 0.0 -1.0 0.0 6.12303176911e-17 priority  0 tags_begin  tags_end # 
name cylinder active True additive True position  1.42108547152e-14 75.2637772467 -52.0 extents  4.65534575206 14.4302216508 4.68893518963 orientation  6.12303176911e-17 0.0 1.0 0.0 1.0 0.0 -1.0 0.0 6.12303176911e-17 priority  0 tags_begin  tower tags_end # 
name cylinder active True additive True position  -52.0 -49.0 -6.36795303988e-15 extents  8.47297891863 26.2637772467 8.53411349629 orientation  -1.0 0.0 1.22460635382e-16 0.0 -1.0 0.0 -1.22460635382e-16 -0.0 -1.0 priority  0 tags_begin  tags_end # 
name cylinder active True additive True position  -52.0 75.2637772467 -6.36795303988e-15 extents  4.65534575206 14.4302216508 4.68893518963 orientation  -1.0 0.0 1.22460635382e-16 0.0 1.0 0.0 -1.22460635382e-16 0.0 -1.0 priority  0 tags_begin  tower tags_end # 
name cylinder active True additive True position  -1.42108547152e-14 -49.0 52.0 extents  8.47297891863 26.2637772467 8.53411349629 orientation  -1.83690953073e-16 -0.0 -1.0 0.0 -1.0 0.0 1.0 0.0 -1.83690953073e-16 priority  0 tags_begin  tags_end # 
name cylinder active True additive True position  -1.42108547152e-14 75.2637772467 52.0 extents  4.65534575206 14.4302216508 4.68893518963 orientation  -1.83690953073e-16 0.0 -1.0 0.0 1.0 0.0 1.0 0.0 -1.83690953073e-16 priority  0 tags_begin  tower tags_end # 
name cylinder active True additive True position  1.42108547152e-14 -75.2637772467 -52.0 extents  4.65534575206 14.4302216508 4.68893518963 orientation  6.12303176911e-17 0.0 1.0 0.0 -1.0 0.0 -1.0 0.0 6.12303176911e-17 priority  0 tags_begin  tower tags_end # 
name cylinder active True additive True position  -52.0 -75.2637772467 -6.36795303988e-15 extents  4.65534575206 14.4302216508 4.68893518963 orientation  -1.0 0.0 1.22460635382e-16 0.0 -1.0 0.0 -1.22460635382e-16 -0.0 -1.0 priority  0 tags_begin  tower tags_end # 
name cylinder active True additive True position  -1.42108547152e-14 -75.2637772467 52.0 extents  4.65534575206 14.4302216508 4.68893518963 orientation  -1.83690953073e-16 -0.0 -1.0 0.0 -1.0 0.0 1.0 0.0 -1.83690953073e-16 priority  0 tags_begin  tower tags_end # 

