name ellipsoid active True additive True position  0.0 0.0 0.0 extents  65.0 10.0 65.0 orientation  1.0 0.0 0.0 0.0 1.0 0.0 0.0 0.0 1.0 priority  0 tags_begin  ring tags_end # 
name cylinder active True additive False position  0.0 0.0 0.0 extents  36.4649619048 12.0 36.4649619048 orientation  1.0 0.0 0.0 0.0 1.0 0.0 0.0 0.0 1.0 priority  -1 tags_begin  tags_end # 
name ellipsoid active True additive True position  65.0 0.0 0.0 extents  17.0 35.0 13.0 orientation  1.0 0.0 0.0 0.0 1.0 0.0 0.0 0.0 1.0 priority  -2 tags_begin  spire tags_end # 
name cylinder active True additive True position  -32.5 0.0 0.0 extents  7.0 32.5 6.0 orientation  6.12303176911e-17 1.0 0.0 -1.0 6.12303176911e-17 0.0 0.0 0.0 1.0 priority  -5 tags_begin  spoke tags_end # 
name ellipsoid active True additive True position  0.0 0.0 0.0 extents  10.0 16.0 10.0 orientation  1.0 0.0 0.0 0.0 1.0 0.0 0.0 0.0 1.0 priority  -2 tags_begin  centre tags_end # 
name cylinder active True additive True position  65.0 35.0 0.0 extents  13.3465920275 46.1763826361 10.4896804062 orientation  1.0 0.0 0.0 0.0 1.0 0.0 0.0 0.0 1.0 priority  0 tags_begin  tags_end # 
name ellipsoid active True additive True position  -32.5 0.0 -56.291651246 extents  17.0 35.0 13.0 orientation  -0.5 0.0 0.866025403784 0.0 1.0 0.0 -0.866025403784 0.0 -0.5 priority  -2 tags_begin  spire tags_end # 
name ellipsoid active True additive True position  -32.5 0.0 56.291651246 extents  17.0 35.0 13.0 orientation  -0.5 0.0 -0.866025403784 0.0 1.0 0.0 0.866025403784 0.0 -0.5 priority  -2 tags_begin  spire tags_end # 
name cylinder active True additive False position  -32.5 0.0 0.0 extents  3.5 39.0 3.0 orientation  6.12303176911e-17 1.0 0.0 -1.0 6.12303176911e-17 0.0 0.0 0.0 1.0 priority  -10 tags_begin  spoke_passage tags_end # 
name cylinder active True additive True position  16.25 0.0 28.145825623 extents  7.0 32.5 6.0 orientation  -3.06151588456e-17 -0.5 0.866025403784 -1.0 6.12303176911e-17 0.0 -5.30270106023e-17 -0.866025403784 -0.5 priority  -5 tags_begin  spoke tags_end # 
name cylinder active True additive True position  16.25 0.0 -28.145825623 extents  7.0 32.5 6.0 orientation  -3.06151588456e-17 -0.5 -0.866025403784 -1.0 6.12303176911e-17 0.0 5.30270106023e-17 0.866025403784 -0.5 priority  -5 tags_begin  spoke tags_end # 
name cylinder active True additive True position  65.0 -35.0 0.0 extents  13.3465920275 46.1763826361 10.4896804062 orientation  1.0 0.0 0.0 0.0 -1.0 0.0 0.0 0.0 1.0 priority  0 tags_begin  tags_end # 
name cylinder active True additive True position  65.0 81.1763826361 0.0 extents  8.31894254753 28.7817799038 6.53822702165 orientation  1.0 0.0 0.0 0.0 1.0 0.0 0.0 0.0 1.0 priority  0 tags_begin  tower tags_end # 
name cylinder active True additive True position  -32.5 35.0 -56.291651246 extents  13.3465920275 46.1763826361 10.4896804062 orientation  -0.5 0.0 0.866025403784 0.0 1.0 0.0 -0.866025403784 0.0 -0.5 priority  0 tags_begin  tags_end # 
name cylinder active True additive True position  -32.5 35.0 56.291651246 extents  13.3465920275 46.1763826361 10.4896804062 orientation  -0.5 0.0 -0.866025403784 0.0 1.0 0.0 0.866025403784 0.0 -0.5 priority  0 tags_begin  tags_end # 
name cylinder active True additive False position  16.25 0.0 28.145825623 extents  3.5 39.0 3.0 orientation  -3.06151588456e-17 -0.5 0.866025403784 -1.0 6.12303176911e-17 0.0 -5.30270106023e-17 -0.866025403784 -0.5 priority  -10 tags_begin  spoke_passage tags_end # 
name cylinder active True additive False position  16.25 0.0 -28.145825623 extents  3.5 39.0 3.0 orientation  -3.06151588456e-17 -0.5 -0.866025403784 -1.0 6.12303176911e-17 0.0 5.30270106023e-17 0.866025403784 -0.5 priority  -10 tags_begin  spoke_passage tags_end # 
name cylinder active True additive True position  65.0 -81.1763826361 0.0 extents  8.31894254753 28.7817799038 6.53822702165 orientation  1.0 0.0 0.0 0.0 -1.0 0.0 0.0 0.0 1.0 priority  0 tags_begin  tower tags_end # 
name cylinder active True additive True position  -32.5 -35.0 -56.291651246 extents  13.3465920275 46.1763826361 10.4896804062 orientation  -0.5 0.0 0.866025403784 0.0 -1.0 0.0 -0.866025403784 -0.0 -0.5 priority  0 tags_begin  tags_end # 
name cylinder active True additive True position  -32.5 81.1763826361 -56.291651246 extents  8.31894254753 28.7817799038 6.53822702165 orientation  -0.5 0.0 0.866025403784 0.0 1.0 0.0 -0.866025403784 0.0 -0.5 priority  0 tags_begin  tower tags_end # 
name cylinder active True additive True position  -32.5 -35.0 56.291651246 extents  13.3465920275 46.1763826361 10.4896804062 orientation  -0.5 -0.0 -0.866025403784 0.0 -1.0 0.0 0.866025403784 0.0 -0.5 priority  0 tags_begin  tags_end # 
name cylinder active True additive True position  -32.5 81.1763826361 56.291651246 extents  8.31894254753 28.7817799038 6.53822702165 orientation  -0.5 0.0 -0.866025403784 0.0 1.0 0.0 0.866025403784 0.0 -0.5 priority  0 tags_begin  tower tags_end # 
name cylinder active True additive True position  -32.5 -81.1763826361 -56.291651246 extents  8.31894254753 28.7817799038 6.53822702165 orientation  -0.5 0.0 0.866025403784 0.0 -1.0 0.0 -0.866025403784 -0.0 -0.5 priority  0 tags_begin  tower tags_end # 
name cylinder active True additive True position  -32.5 -81.1763826361 56.291651246 extents  8.31894254753 28.7817799038 6.53822702165 orientation  -0.5 -0.0 -0.866025403784 0.0 -1.0 0.0 0.866025403784 0.0 -0.5 priority  0 tags_begin  tower tags_end # 

