name ellipsoid active True additive True position  0.0 0.0 0.0 extents  70.0 14.0 70.0 orientation  1.0 0.0 0.0 0.0 1.0 0.0 0.0 0.0 1.0 priority  0 tags_begin  ring tags_end # 
name cylinder active True additive False position  0.0 0.0 0.0 extents  50.6794933052 16.8 50.6794933052 orientation  1.0 0.0 0.0 0.0 1.0 0.0 0.0 0.0 1.0 priority  -1 tags_begin  tags_end # 
name ellipsoid active True additive True position  70.0 0.0 0.0 extents  14.0 29.0 11.0 orientation  1.0 0.0 0.0 0.0 1.0 0.0 0.0 0.0 1.0 priority  -2 tags_begin  spire tags_end # 
name cylinder active True additive True position  -35.0 0.0 0.0 extents  6.0 35.0 7.0 orientation  6.12303176911e-17 1.0 0.0 -1.0 6.12303176911e-17 0.0 0.0 0.0 1.0 priority  -5 tags_begin  spoke tags_end # 
name ellipsoid active True additive True position  0.0 0.0 0.0 extents  10.0 27.0 10.0 orientation  1.0 0.0 0.0 0.0 1.0 0.0 0.0 0.0 1.0 priority  -2 tags_begin  centre tags_end # 
name cylinder active True additive True position  70.0 29.0 0.0 extents  9.91774256355 16.3981108703 7.03109806863 orientation  1.0 0.0 0.0 0.0 1.0 0.0 0.0 0.0 1.0 priority  0 tags_begin  tags_end # 
name cylinder active True additive False position  -35.0 0.0 0.0 extents  3.0 42.0 3.5 orientation  6.12303176911e-17 1.0 0.0 -1.0 6.12303176911e-17 0.0 0.0 0.0 1.0 priority  -10 tags_begin  spoke_passage tags_end # 
name cylinder active True additive True position  -17.5 0.0 30.3108891325 extents  6.0 35.0 7.0 orientation  3.06151588456e-17 0.5 0.866025403784 -1.0 6.12303176911e-17 0.0 -5.30270106023e-17 -0.866025403784 0.5 priority  -5 tags_begin  spoke tags_end # 
name cylinder active True additive True position  17.5 0.0 30.3108891325 extents  6.0 35.0 7.0 orientation  -3.06151588456e-17 -0.5 0.866025403784 -1.0 6.12303176911e-17 0.0 -5.30270106023e-17 -0.866025403784 -0.5 priority  -5 tags_begin  spoke tags_end # 
name cylinder active True additive True position  35.0 0.0 4.28612223838e-15 extents  6.0 35.0 7.0 orientation  -6.12303176911e-17 -1.0 1.22460635382e-16 -1.0 6.12303176911e-17 0.0 -7.49830360911e-33 -1.22460635382e-16 -1.0 priority  -5 tags_begin  spoke tags_end # 
name cylinder active True additive True position  17.5 0.0 -30.3108891325 extents  6.0 35.0 7.0 orientation  -3.06151588456e-17 -0.5 -0.866025403784 -1.0 6.12303176911e-17 0.0 5.30270106023e-17 0.866025403784 -0.5 priority  -5 tags_begin  spoke tags_end # 
name cylinder active True additive True position  -17.5 0.0 -30.3108891325 extents  6.0 35.0 7.0 orientation  3.06151588456e-17 0.5 -0.866025403784 -1.0 6.12303176911e-17 0.0 5.30270106023e-17 0.866025403784 0.5 priority  -5 tags_begin  spoke tags_end # 
name cylinder active True additive True position  70.0 -29.0 0.0 extents  9.91774256355 16.3981108703 7.03109806863 orientation  1.0 0.0 0.0 0.0 -1.0 0.0 0.0 0.0 1.0 priority  0 tags_begin  tags_end # 
name cylinder active True additive True position  70.0 45.3981108703 0.0 extents  7.18526686147 11.8802037734 5.09393298208 orientation  1.0 0.0 0.0 0.0 1.0 0.0 0.0 0.0 1.0 priority  0 tags_begin  tower tags_end # 
name cylinder active True additive False position  -17.5 0.0 30.3108891325 extents  3.0 42.0 3.5 orientation  3.06151588456e-17 0.5 0.866025403784 -1.0 6.12303176911e-17 0.0 -5.30270106023e-17 -0.866025403784 0.5 priority  -10 tags_begin  spoke_passage tags_end # 
name cylinder active True additive False position  17.5 0.0 30.3108891325 extents  3.0 42.0 3.5 orientation  -3.06151588456e-17 -0.5 0.866025403784 -1.0 6.12303176911e-17 0.0 -5.30270106023e-17 -0.866025403784 -0.5 priority  -10 tags_begin  spoke_passage tags_end # 
name cylinder active True additive False position  35.0 0.0 4.28612223838e-15 extents  3.0 42.0 3.5 orientation  -6.12303176911e-17 -1.0 1.22460635382e-16 -1.0 6.12303176911e-17 0.0 -7.49830360911e-33 -1.22460635382e-16 -1.0 priority  -10 tags_begin  spoke_passage tags_end # 
name cylinder active True additive False position  17.5 0.0 -30.3108891325 extents  3.0 42.0 3.5 orientation  -3.06151588456e-17 -0.5 -0.866025403784 -1.0 6.12303176911e-17 0.0 5.30270106023e-17 0.866025403784 -0.5 priority  -10 tags_begin  spoke_passage tags_end # 
name cylinder active True additive False position  -17.5 0.0 -30.3108891325 extents  3.0 42.0 3.5 orientation  3.06151588456e-17 0.5 -0.866025403784 -1.0 6.12303176911e-17 0.0 5.30270106023e-17 0.866025403784 0.5 priority  -10 tags_begin  spoke_passage tags_end # 
name cylinder active True additive True position  70.0 -45.3981108703 0.0 extents  7.18526686147 11.8802037734 5.09393298208 orientation  1.0 0.0 0.0 0.0 -1.0 0.0 0.0 0.0 1.0 priority  0 tags_begin  tower tags_end # 

