name ellipsoid active True additive True position  0.0 0.0 0.0 extents  62.0 24.0 62.0 orientation  1.0 0.0 0.0 0.0 1.0 0.0 0.0 0.0 1.0 priority  0 tags_begin  ring tags_end # 
name cylinder active True additive False position  0.0 0.0 0.0 extents  40.5730990633 28.8 40.5730990633 orientation  1.0 0.0 0.0 0.0 1.0 0.0 0.0 0.0 1.0 priority  -1 tags_begin  tags_end # 
name ellipsoid active True additive True position  62.0 0.0 0.0 extents  12.0 39.0 13.0 orientation  1.0 0.0 0.0 0.0 1.0 0.0 0.0 0.0 1.0 priority  -2 tags_begin  spire tags_end # 
name cylinder active True additive True position  -31.0 0.0 0.0 extents  6.0 31.0 8.0 orientation  6.12303176911e-17 1.0 0.0 -1.0 6.12303176911e-17 0.0 0.0 0.0 1.0 priority  -5 tags_begin  spoke tags_end # 
name cylinder active True additive True position  0.0 0.0 0.0 extents  8.0 15.0 8.0 orientation  1.0 0.0 0.0 0.0 1.0 0.0 0.0 0.0 1.0 priority  -2 tags_begin  centre tags_end # 
name cylinder active True additive True position  62.0 39.0 0.0 extents  8.82704278429 21.7547978042 7.1196191213 orientation  1.0 0.0 0.0 0.0 1.0 0.0 0.0 0.0 1.0 priority  0 tags_begin  tags_end # 
name ellipsoid active True additive True position  31.0 0.0 -53.6935750346 extents  12.0 39.0 13.0 orientation  0.5 0.0 0.866025403784 0.0 1.0 0.0 -0.866025403784 0.0 0.5 priority  -2 tags_begin  spire tags_end # 
name ellipsoid active True additive True position  -31.0 0.0 -53.6935750346 extents  12.0 39.0 13.0 orientation  -0.5 0.0 0.866025403784 0.0 1.0 0.0 -0.866025403784 0.0 -0.5 priority  -2 tags_begin  spire tags_end # 
name ellipsoid active True additive True position  -62.0 0.0 -7.5925593937e-15 extents  12.0 39.0 13.0 orientation  -1.0 0.0 1.22460635382e-16 0.0 1.0 0.0 -1.22460635382e-16 0.0 -1.0 priority  -2 tags_begin  spire tags_end # 
name ellipsoid active True additive True position  -31.0 0.0 53.6935750346 extents  12.0 39.0 13.0 orientation  -0.5 0.0 -0.866025403784 0.0 1.0 0.0 0.866025403784 0.0 -0.5 priority  -2 tags_begin  spire tags_end # 
name ellipsoid active True additive True position  31.0 0.0 53.6935750346 extents  12.0 39.0 13.0 orientation  0.5 0.0 -0.866025403784 0.0 1.0 0.0 0.866025403784 0.0 0.5 priority  -2 tags_begin  spire tags_end # 
name cylinder active True additive False position  -31.0 0.0 0.0 extents  3.0 37.2 4.0 orientation  6.12303176911e-17 1.0 0.0 -1.0 6.12303176911e-17 0.0 0.0 0.0 1.0 priority  -10 tags_begin  spoke_passage tags_end # 
name cylinder active True additive True position  -9.57952682562 0.0 29.4827520051 extents  6.0 31.0 8.0 orientation  1.89212087375e-17 0.309016994375 0.951056516295 -1.0 6.12303176911e-17 0.0 -5.8233492635e-17 -0.951056516295 0.309016994375 priority  -5 tags_begin  spoke tags_end # 
name cylinder active True additive True position  25.0795268256 0.0 18.2213428211 extents  6.0 31.0 8.0 orientation  -4.95363675831e-17 -0.809016994375 0.587785252292 -1.0 6.12303176911e-17 0.0 -3.5990277732e-17 -0.587785252292 -0.809016994375 priority  -5 tags_begin  spoke tags_end # 
name cylinder active True additive True position  25.0795268256 0.0 -18.2213428211 extents  6.0 31.0 8.0 orientation  -4.95363675831e-17 -0.809016994375 -0.587785252292 -1.0 6.12303176911e-17 0.0 3.5990277732e-17 0.587785252292 -0.809016994375 priority  -5 tags_begin  spoke tags_end # 
name cylinder active True additive True position  -9.57952682562 0.0 -29.4827520051 extents  6.0 31.0 8.0 orientation  1.89212087375e-17 0.309016994375 -0.951056516295 -1.0 6.12303176911e-17 0.0 5.8233492635e-17 0.951056516295 0.309016994375 priority  -5 tags_begin  spoke tags_end # 
name cylinder active True additive True position  62.0 -39.0 0.0 extents  8.82704278429 21.7547978042 7.1196191213 orientation  1.0 0.0 0.0 0.0 -1.0 0.0 0.0 0.0 1.0 priority  0 tags_begin  tags_end # 
name cylinder active True additive True position  31.0 39.0 -53.6935750346 extents  8.82704278429 21.7547978042 7.1196191213 orientation  0.5 0.0 0.866025403784 0.0 1.0 0.0 -0.866025403784 0.0 0.5 priority  0 tags_begin  tags_end # 
name cylinder active True additive True position  -31.0 39.0 -53.6935750346 extents  8.82704278429 21.7547978042 7.1196191213 orientation  -0.5 0.0 0.866025403784 0.0 1.0 0.0 -0.866025403784 0.0 -0.5 priority  0 tags_begin  tags_end # 
name cylinder active True additive True position  -62.0 39.0 -7.5925593937e-15 extents  8.82704278429 21.7547978042 7.1196191213 orientation  -1.0 0.0 1.22460635382e-16 0.0 1.0 0.0 -1.22460635382e-16 0.0 -1.0 priority  0 tags_begin  tags_end # 
name cylinder active True additive True position  -31.0 39.0 53.6935750346 extents  8.82704278429 21.7547978042 7.1196191213 orientation  -0.5 0.0 -0.866025403784 0.0 1.0 0.0 0.866025403784 0.0 -0.5 priority  0 tags_begin  tags_end # 
name cylinder active True additive True position  31.0 39.0 53.6935750346 extents  8.82704278429 21.7547978042 7.1196191213 orientation  0.5 0.0 -0.866025403784 0.0 1.0 0.0 0.866025403784 0.0 0.5 priority  0 tags_begin  tags_end # 
name cylinder active True additive False position  -9.57952682562 0.0 29.4827520051 extents  3.0 37.2 4.0 orientation  1.89212087375e-17 0.309016994375 0.951056516295 -1.0 6.12303176911e-17 0.0 -5.8233492635e-17 -0.951056516295 0.309016994375 priority  -10 tags_begin  spoke_passage tags_end # 
name cylinder active True additive False position  25.0795268256 0.0 18.2213428211 extents  3.0 37.2 4.0 orientation  -4.95363675831e-17 -0.809016994375 0.587785252292 -1.0 6.12303176911e-17 0.0 -3.5990277732e-17 -0.587785252292 -0.809016994375 priority  -10 tags_begin  spoke_passage tags_end # 
name cylinder active True additive False position  25.0795268256 0.0 -18.2213428211 extents  3.0 37.2 4.0 orientation  -4.95363675831e-17 -0.809016994375 -0.587785252292 -1.0 6.12303176911e-17 0.0 3.5990277732e-17 0.587785252292 -0.809016994375 priority  -10 tags_begin  spoke_passage tags_end # 
name cylinder active True additive False position  -9.57952682562 0.0 -29.4827520051 extents  3.0 37.2 4.0 orientation  1.89212087375e-17 0.309016994375 -0.951056516295 -1.0 6.12303176911e-17 0.0 5.8233492635e-17 0.951056516295 0.309016994375 priority  -10 tags_begin  spoke_passage tags_end # 
name cylinder active True additive True position  31.0 -39.0 -53.6935750346 extents  8.82704278429 21.7547978042 7.1196191213 orientation  0.5 0.0 0.866025403784 0.0 -1.0 0.0 -0.866025403784 0.0 0.5 priority  0 tags_begin  tags_end # 
name cylinder active True additive True position  -31.0 -39.0 -53.6935750346 extents  8.82704278429 21.7547978042 7.1196191213 orientation  -0.5 0.0 0.866025403784 0.0 -1.0 0.0 -0.866025403784 -0.0 -0.5 priority  0 tags_begin  tags_end # 
name cylinder active True additive True position  -62.0 -39.0 -7.5925593937e-15 extents  8.82704278429 21.7547978042 7.1196191213 orientation  -1.0 0.0 1.22460635382e-16 0.0 -1.0 0.0 -1.22460635382e-16 -0.0 -1.0 priority  0 tags_begin  tags_end # 
name cylinder active True additive True position  -31.0 -39.0 53.6935750346 extents  8.82704278429 21.7547978042 7.1196191213 orientation  -0.5 -0.0 -0.866025403784 0.0 -1.0 0.0 0.866025403784 0.0 -0.5 priority  0 tags_begin  tags_end # 
name cylinder active True additive True position  31.0 -39.0 53.6935750346 extents  8.82704278429 21.7547978042 7.1196191213 orientation  0.5 0.0 -0.866025403784 0.0 -1.0 0.0 0.866025403784 0.0 0.5 priority  0 tags_begin  tags_end # 

