name ellipsoid active True additive True position  0.0 0.0 0.0 extents  74.0 25.0 74.0 orientation  1.0 0.0 0.0 0.0 1.0 0.0 0.0 0.0 1.0 priority  0 tags_begin  ring tags_end # 
name cylinder active True additive False position  0.0 0.0 0.0 extents  56.2164627629 30.0 56.2164627629 orientation  1.0 0.0 0.0 0.0 1.0 0.0 0.0 0.0 1.0 priority  -1 tags_begin  tags_end # 
name ellipsoid active True additive True position  74.0 0.0 0.0 extents  17.0 33.0 25.0 orientation  1.0 0.0 0.0 0.0 1.0 0.0 0.0 0.0 1.0 priority  -2 tags_begin  spire tags_end # 
name cylinder active True additive True position  -37.0 0.0 0.0 extents  3.0 37.0 5.0 orientation  6.12303176911e-17 1.0 0.0 -1.0 6.12303176911e-17 0.0 0.0 0.0 1.0 priority  -5 tags_begin  spoke tags_end # 
name cylinder active True additive True position  0.0 0.0 0.0 extents  7.0 23.0 7.0 orientation  1.0 0.0 0.0 0.0 1.0 0.0 0.0 0.0 1.0 priority  -2 tags_begin  centre tags_end # 
name cylinder active True additive True position  74.0 33.0 0.0 extents  9.87599885773 59.0404760299 16.2830634511 orientation  1.0 0.0 0.0 0.0 1.0 0.0 0.0 0.0 1.0 priority  0 tags_begin  tags_end # 
name ellipsoid active True additive True position  37.0 0.0 -64.08587988 extents  17.0 33.0 25.0 orientation  0.5 0.0 0.866025403784 0.0 1.0 0.0 -0.866025403784 0.0 0.5 priority  -2 tags_begin  spire tags_end # 
name ellipsoid active True additive True position  -37.0 0.0 -64.08587988 extents  17.0 33.0 25.0 orientation  -0.5 0.0 0.866025403784 0.0 1.0 0.0 -0.866025403784 0.0 -0.5 priority  -2 tags_begin  spire tags_end # 
name ellipsoid active True additive True position  -74.0 0.0 -9.06208701829e-15 extents  17.0 33.0 25.0 orientation  -1.0 0.0 1.22460635382e-16 0.0 1.0 0.0 -1.22460635382e-16 0.0 -1.0 priority  -2 tags_begin  spire tags_end # 
name ellipsoid active True additive True position  -37.0 0.0 64.08587988 extents  17.0 33.0 25.0 orientation  -0.5 0.0 -0.866025403784 0.0 1.0 0.0 0.866025403784 0.0 -0.5 priority  -2 tags_begin  spire tags_end # 
name ellipsoid active True additive True position  37.0 0.0 64.08587988 extents  17.0 33.0 25.0 orientation  0.5 0.0 -0.866025403784 0.0 1.0 0.0 0.866025403784 0.0 0.5 priority  -2 tags_begin  spire tags_end # 
name cylinder active True additive False position  -37.0 0.0 0.0 extents  1.5 44.4 2.5 orientation  6.12303176911e-17 1.0 0.0 -1.0 6.12303176911e-17 0.0 0.0 0.0 1.0 priority  -10 tags_begin  spoke_passage tags_end # 
name cylinder active True additive True position  -18.5 0.0 32.04293994 extents  3.0 37.0 5.0 orientation  3.06151588456e-17 0.5 0.866025403784 -1.0 6.12303176911e-17 0.0 -5.30270106023e-17 -0.866025403784 0.5 priority  -5 tags_begin  spoke tags_end # 
name cylinder active True additive True position  18.5 0.0 32.04293994 extents  3.0 37.0 5.0 orientation  -3.06151588456e-17 -0.5 0.866025403784 -1.0 6.12303176911e-17 0.0 -5.30270106023e-17 -0.866025403784 -0.5 priority  -5 tags_begin  spoke tags_end # 
name cylinder active True additive True position  37.0 0.0 4.53104350914e-15 extents  3.0 37.0 5.0 orientation  -6.12303176911e-17 -1.0 1.22460635382e-16 -1.0 6.12303176911e-17 0.0 -7.49830360911e-33 -1.22460635382e-16 -1.0 priority  -5 tags_begin  spoke tags_end # 
name cylinder active True additive True position  18.5 0.0 -32.04293994 extents  3.0 37.0 5.0 orientation  -3.06151588456e-17 -0.5 -0.866025403784 -1.0 6.12303176911e-17 0.0 5.30270106023e-17 0.866025403784 -0.5 priority  -5 tags_begin  spoke tags_end # 
name cylinder active True additive True position  -18.5 0.0 -32.04293994 extents  3.0 37.0 5.0 orientation  3.06151588456e-17 0.5 -0.866025403784 -1.0 6.12303176911e-17 0.0 5.30270106023e-17 0.866025403784 0.5 priority  -5 tags_begin  spoke tags_end # 
name cylinder active True additive True position  74.0 -33.0 0.0 extents  9.87599885773 59.0404760299 16.2830634511 orientation  1.0 0.0 0.0 0.0 -1.0 0.0 0.0 0.0 1.0 priority  0 tags_begin  tags_end # 
name cylinder active True additive True position  74.0 92.0404760299 0.0 extents  7.4069991433 44.2803570225 12.2122975883 orientation  1.0 0.0 0.0 0.0 1.0 0.0 0.0 0.0 1.0 priority  0 tags_begin  tower tags_end # 
name cylinder active True additive True position  37.0 33.0 -64.08587988 extents  9.87599885773 59.0404760299 16.2830634511 orientation  0.5 0.0 0.866025403784 0.0 1.0 0.0 -0.866025403784 0.0 0.5 priority  0 tags_begin  tags_end # 
name cylinder active True additive True position  -37.0 33.0 -64.08587988 extents  9.87599885773 59.0404760299 16.2830634511 orientation  -0.5 0.0 0.866025403784 0.0 1.0 0.0 -0.866025403784 0.0 -0.5 priority  0 tags_begin  tags_end # 
name cylinder active True additive True position  -74.0 33.0 -9.06208701829e-15 extents  9.87599885773 59.0404760299 16.2830634511 orientation  -1.0 0.0 1.22460635382e-16 0.0 1.0 0.0 -1.22460635382e-16 0.0 -1.0 priority  0 tags_begin  tags_end # 
name cylinder active True additive True position  -37.0 33.0 64.08587988 extents  9.87599885773 59.0404760299 16.2830634511 orientation  -0.5 0.0 -0.866025403784 0.0 1.0 0.0 0.866025403784 0.0 -0.5 priority  0 tags_begin  tags_end # 
name cylinder active True additive True position  37.0 33.0 64.08587988 extents  9.87599885773 59.0404760299 16.2830634511 orientation  0.5 0.0 -0.866025403784 0.0 1.0 0.0 0.866025403784 0.0 0.5 priority  0 tags_begin  tags_end # 
name cylinder active True additive False position  -18.5 0.0 32.04293994 extents  1.5 44.4 2.5 orientation  3.06151588456e-17 0.5 0.866025403784 -1.0 6.12303176911e-17 0.0 -5.30270106023e-17 -0.866025403784 0.5 priority  -10 tags_begin  spoke_passage tags_end # 
name cylinder active True additive False position  18.5 0.0 32.04293994 extents  1.5 44.4 2.5 orientation  -3.06151588456e-17 -0.5 0.866025403784 -1.0 6.12303176911e-17 0.0 -5.30270106023e-17 -0.866025403784 -0.5 priority  -10 tags_begin  spoke_passage tags_end # 
name cylinder active True additive False position  37.0 0.0 4.53104350914e-15 extents  1.5 44.4 2.5 orientation  -6.12303176911e-17 -1.0 1.22460635382e-16 -1.0 6.12303176911e-17 0.0 -7.49830360911e-33 -1.22460635382e-16 -1.0 priority  -10 tags_begin  spoke_passage tags_end # 
name cylinder active True additive False position  18.5 0.0 -32.04293994 extents  1.5 44.4 2.5 orientation  -3.06151588456e-17 -0.5 -0.866025403784 -1.0 6.12303176911e-17 0.0 5.30270106023e-17 0.866025403784 -0.5 priority  -10 tags_begin  spoke_passage tags_end # 
name cylinder active True additive False position  -18.5 0.0 -32.04293994 extents  1.5 44.4 2.5 orientation  3.06151588456e-17 0.5 -0.866025403784 -1.0 6.12303176911e-17 0.0 5.30270106023e-17 0.866025403784 0.5 priority  -10 tags_begin  spoke_passage tags_end # 
name cylinder active True additive True position  74.0 -92.0404760299 0.0 extents  7.4069991433 44.2803570225 12.2122975883 orientation  1.0 0.0 0.0 0.0 -1.0 0.0 0.0 0.0 1.0 priority  0 tags_begin  tower tags_end # 
name cylinder active True additive True position  37.0 -33.0 -64.08587988 extents  9.87599885773 59.0404760299 16.2830634511 orientation  0.5 0.0 0.866025403784 0.0 -1.0 0.0 -0.866025403784 0.0 0.5 priority  0 tags_begin  tags_end # 
name cylinder active True additive True position  37.0 92.0404760299 -64.08587988 extents  7.4069991433 44.2803570225 12.2122975883 orientation  0.5 0.0 0.866025403784 0.0 1.0 0.0 -0.866025403784 0.0 0.5 priority  0 tags_begin  tower tags_end # 
name cylinder active True additive True position  -37.0 -33.0 -64.08587988 extents  9.87599885773 59.0404760299 16.2830634511 orientation  -0.5 0.0 0.866025403784 0.0 -1.0 0.0 -0.866025403784 -0.0 -0.5 priority  0 tags_begin  tags_end # 
name cylinder active True additive True position  -37.0 92.0404760299 -64.08587988 extents  7.4069991433 44.2803570225 12.2122975883 orientation  -0.5 0.0 0.866025403784 0.0 1.0 0.0 -0.866025403784 0.0 -0.5 priority  0 tags_begin  tower tags_end # 
name cylinder active True additive True position  -74.0 -33.0 -9.06208701829e-15 extents  9.87599885773 59.0404760299 16.2830634511 orientation  -1.0 0.0 1.22460635382e-16 0.0 -1.0 0.0 -1.22460635382e-16 -0.0 -1.0 priority  0 tags_begin  tags_end # 
name cylinder active True additive True position  -74.0 92.0404760299 -9.06208701829e-15 extents  7.4069991433 44.2803570225 12.2122975883 orientation  -1.0 0.0 1.22460635382e-16 0.0 1.0 0.0 -1.22460635382e-16 0.0 -1.0 priority  0 tags_begin  tower tags_end # 
name cylinder active True additive True position  -37.0 -33.0 64.08587988 extents  9.87599885773 59.0404760299 16.2830634511 orientation  -0.5 -0.0 -0.866025403784 0.0 -1.0 0.0 0.866025403784 0.0 -0.5 priority  0 tags_begin  tags_end # 
name cylinder active True additive True position  -37.0 92.0404760299 64.08587988 extents  7.4069991433 44.2803570225 12.2122975883 orientation  -0.5 0.0 -0.866025403784 0.0 1.0 0.0 0.866025403784 0.0 -0.5 priority  0 tags_begin  tower tags_end # 
name cylinder active True additive True position  37.0 -33.0 64.08587988 extents  9.87599885773 59.0404760299 16.2830634511 orientation  0.5 0.0 -0.866025403784 0.0 -1.0 0.0 0.866025403784 0.0 0.5 priority  0 tags_begin  tags_end # 
name cylinder active True additive True position  37.0 92.0404760299 64.08587988 extents  7.4069991433 44.2803570225 12.2122975883 orientation  0.5 0.0 -0.866025403784 0.0 1.0 0.0 0.866025403784 0.0 0.5 priority  0 tags_begin  tower tags_end # 
name cylinder active True additive True position  37.0 -92.0404760299 -64.08587988 extents  7.4069991433 44.2803570225 12.2122975883 orientation  0.5 0.0 0.866025403784 0.0 -1.0 0.0 -0.866025403784 0.0 0.5 priority  0 tags_begin  tower tags_end # 
name cylinder active True additive True position  -37.0 -92.0404760299 -64.08587988 extents  7.4069991433 44.2803570225 12.2122975883 orientation  -0.5 0.0 0.866025403784 0.0 -1.0 0.0 -0.866025403784 -0.0 -0.5 priority  0 tags_begin  tower tags_end # 
name cylinder active True additive True position  -74.0 -92.0404760299 -9.06208701829e-15 extents  7.4069991433 44.2803570225 12.2122975883 orientation  -1.0 0.0 1.22460635382e-16 0.0 -1.0 0.0 -1.22460635382e-16 -0.0 -1.0 priority  0 tags_begin  tower tags_end # 
name cylinder active True additive True position  -37.0 -92.0404760299 64.08587988 extents  7.4069991433 44.2803570225 12.2122975883 orientation  -0.5 -0.0 -0.866025403784 0.0 -1.0 0.0 0.866025403784 0.0 -0.5 priority  0 tags_begin  tower tags_end # 
name cylinder active True additive True position  37.0 -92.0404760299 64.08587988 extents  7.4069991433 44.2803570225 12.2122975883 orientation  0.5 0.0 -0.866025403784 0.0 -1.0 0.0 0.866025403784 0.0 0.5 priority  0 tags_begin  tower tags_end # 

