name cylinder active True additive True position  0.0 0.0 100.0 extents  25.0 100.0 25.0 orientation  1.0 0.0 0.0 0.0 6.12303176911e-17 1.0 0.0 -1.0 6.12303176911e-17 priority  0 tags_begin  tags_end # 
name rectangle active True additive True position  0.0 0.0 0.0 extents  20.0 60.0 20.0 orientation  1.0 0.0 0.0 0.0 0.5 -0.866025403784 0.0 0.866025403784 0.5 priority  0 tags_begin  tags_end # 
name ellipsoid active True additive True position  0.0 15.0 200.0 extents  20.0 10.0 40.0 orientation  6.12303176911e-17 1.0 0.0 -1.0 6.12303176911e-17 0.0 0.0 0.0 1.0 priority  0 tags_begin  tags_end # 
name rectangle active True additive True position  0.0 0.0 100.0 extents  20.0 5.0 15.0 orientation  1.0 0.0 0.0 0.0 1.0 0.0 0.0 0.0 1.0 priority  0 tags_begin  tags_end # 
name rectangle active True additive True position  0.0 20.0 -34.6410161514 extents  15.0 60.0 15.0 orientation  1.0 0.0 0.0 0.0 0.662085976342 -0.749427888413 0.0 0.749427888413 0.662085976342 priority  0 tags_begin  tags_end # 
name rectangle active True additive True position  0.0 0.0 0.0 extents  20.0 60.0 20.0 orientation  -0.5 -0.433012701892 0.75 0.866025403784 -0.25 0.433012701892 0.0 0.866025403784 0.5 priority  0 tags_begin  tags_end # 
name rectangle active True additive True position  0.0 0.0 0.0 extents  20.0 60.0 20.0 orientation  -0.5 0.433012701892 -0.75 -0.866025403784 -0.25 0.433012701892 0.0 0.866025403784 0.5 priority  0 tags_begin  tags_end # 
name ellipsoid active True additive True position  -15.0 3.5527136788e-15 200.0 extents  20.0 10.0 40.0 orientation  1.0 0.0 0.0 0.0 1.0 0.0 0.0 0.0 1.0 priority  0 tags_begin  tags_end # 
name ellipsoid active True additive True position  -1.83690953073e-15 -15.0 200.0 extents  20.0 10.0 40.0 orientation  6.12303176911e-17 -1.0 0.0 1.0 6.12303176911e-17 0.0 0.0 0.0 1.0 priority  0 tags_begin  tags_end # 
name ellipsoid active True additive True position  15.0 -3.5527136788e-15 200.0 extents  20.0 10.0 40.0 orientation  -1.0 -1.22460635382e-16 0.0 1.22460635382e-16 -1.0 0.0 0.0 0.0 1.0 priority  0 tags_begin  tags_end # 
name rectangle active True additive True position  0.0 0.0 100.0 extents  20.0 5.0 15.0 orientation  -1.0 0.0 0.0 0.0 1.0 0.0 0.0 0.0 1.0 priority  0 tags_begin  tags_end # 
name rectangle active True additive True position  40.0 0.0 100.0 extents  16.0 5.0 15.0 orientation  0.955336489126 0.0 0.295520206661 0.0 1.0 0.0 -0.295520206661 0.0 0.955336489126 priority  0 tags_begin  tags_end # 
name rectangle active True additive True position  0.0 39.8625792903 -57.1238528038 extents  11.25 60.0 11.25 orientation  1.0 0.0 0.0 0.0 0.79777667414 -0.602953048087 0.0 0.602953048087 0.79777667414 priority  0 tags_begin  tags_end # 
name rectangle active True additive True position  -17.3205080757 -10.0 -34.6410161514 extents  15.0 60.0 15.0 orientation  -0.5 -0.573383275002 0.64902358967 0.866025403784 -0.331042988171 0.374713944207 0.0 0.749427888413 0.662085976342 priority  0 tags_begin  tags_end # 
name rectangle active True additive True position  17.3205080757 -10.0 -34.6410161514 extents  15.0 60.0 15.0 orientation  -0.5 0.573383275002 -0.64902358967 -0.866025403784 -0.331042988171 0.374713944207 0.0 0.749427888413 0.662085976342 priority  0 tags_begin  tags_end # 
name rectangle active True additive True position  -40.0 0.0 100.0 extents  16.0 5.0 15.0 orientation  -0.955336489126 0.0 -0.295520206661 0.0 1.0 0.0 -0.295520206661 0.0 0.955336489126 priority  0 tags_begin  tags_end # 
name rectangle active True additive True position  70.570767652 0.0 109.456646613 extents  12.8 5.0 15.0 orientation  0.82533561491 0.0 0.564642473395 0.0 1.0 0.0 -0.564642473395 0.0 0.82533561491 priority  0 tags_begin  tags_end # 
name rectangle active True additive True position  0.0 57.8125544584 -70.6902963857 extents  8.4375 60.0 8.4375 orientation  1.0 0.0 0.0 0.0 0.901662533471 -0.432440372462 0.0 0.432440372462 0.901662533471 priority  0 tags_begin  tags_end # 
name ss_back active True additive True position  0.0 73.0281097107 -77.987727671 extents  6.328125 60.0 6.328125 orientation  1.0 0.0 0.0 0.0 0.969601952952 -0.244687663832 0.0 0.244687663832 0.969601952952 priority  0 tags_begin  tags_end # 
name rectangle active True additive True position  -34.5220063257 -19.9312896451 -57.1238528038 extents  11.25 60.0 11.25 orientation  -0.5 -0.690894866352 0.522172656933 0.866025403784 -0.39888833707 0.301476524044 0.0 0.602953048087 0.79777667414 priority  0 tags_begin  tags_end # 
name rectangle active True additive True position  34.5220063257 -19.9312896451 -57.1238528038 extents  11.25 60.0 11.25 orientation  -0.5 0.690894866352 -0.522172656933 -0.866025403784 -0.39888833707 0.301476524044 0.0 0.602953048087 0.79777667414 priority  0 tags_begin  tags_end # 
name rectangle active True additive True position  -70.570767652 0.0 109.456646613 extents  12.8 5.0 15.0 orientation  -0.82533561491 0.0 -0.564642473395 0.0 1.0 0.0 -0.564642473395 0.0 0.82533561491 priority  0 tags_begin  tags_end # 
name rectangle active True additive True position  91.6993593937 0.0 123.911493932 extents  10.24 5.0 15.0 orientation  0.621609968271 0.0 0.783326909627 0.0 1.0 0.0 -0.783326909627 0.0 0.621609968271 priority  0 tags_begin  tags_end # 
name ss_side_wing active True additive True position  104.429931544 0.0 139.954029041 extents  8.192 5.0 15.0 orientation  0.362357754477 0.0 0.932039085967 0.0 1.0 0.0 -0.932039085967 0.0 0.362357754477 priority  0 tags_begin  tags_end # 
name rectangle active True additive True position  -50.0671408187 -28.9062772292 -70.6902963857 extents  8.4375 60.0 8.4375 orientation  -0.5 -0.780862659626 0.374504348174 0.866025403784 -0.450831266735 0.216220186231 0.0 0.432440372462 0.901662533471 priority  0 tags_begin  tags_end # 
name ss_back active True additive True position  -63.2441981999 -36.5140548554 -77.987727671 extents  6.328125 60.0 6.328125 orientation  -0.5 -0.839699922815 0.211905732871 0.866025403784 -0.484800976476 0.122343831916 0.0 0.244687663832 0.969601952952 priority  0 tags_begin  tags_end # 
name rectangle active True additive True position  50.0671408187 -28.9062772292 -70.6902963857 extents  8.4375 60.0 8.4375 orientation  -0.5 0.780862659626 -0.374504348174 -0.866025403784 -0.450831266735 0.216220186231 0.0 0.432440372462 0.901662533471 priority  0 tags_begin  tags_end # 
name ss_back active True additive True position  63.2441981999 -36.5140548554 -77.987727671 extents  6.328125 60.0 6.328125 orientation  -0.5 0.839699922815 -0.211905732871 -0.866025403784 -0.484800976476 0.122343831916 0.0 0.244687663832 0.969601952952 priority  0 tags_begin  tags_end # 
name rectangle active True additive True position  -91.6993593937 0.0 123.911493932 extents  10.24 5.0 15.0 orientation  -0.621609968271 0.0 -0.783326909627 0.0 1.0 0.0 -0.783326909627 0.0 0.621609968271 priority  0 tags_begin  tags_end # 
name ss_side_wing active True additive True position  -104.429931544 0.0 139.954029041 extents  8.192 5.0 15.0 orientation  -0.362357754477 0.0 -0.932039085967 0.0 1.0 0.0 -0.932039085967 0.0 0.362357754477 priority  0 tags_begin  tags_end # 

