name rectangle active True additive True position  0.0 0.0 0.0 extents  5.0 10.0 5.0 orientation  -1.0 1.22460635382e-16 0.0 -1.22460635382e-16 -1.0 0.0 0.0 0.0 1.0 priority  0 tags_begin  tags_end # 
name rectangle active True additive True position  -6.75 -17.5 5.0 extents  5.0 10.0 5.0 orientation  -0.734322509436 -0.678800745533 0.0 0.678800745533 -0.734322509436 0.0 0.0 0.0 1.0 priority  0 tags_begin  tags_end # 
name rectangle active True additive True position  -23.5856899855 -25.7687388828 10.0 extents  5.0 10.0 5.0 orientation  -0.115587286783 -0.993297326652 0.0 0.993297326652 -0.115587286783 0.0 0.0 0.0 1.0 priority  0 tags_begin  tags_end # 
name rectangle active True additive True position  -41.7486073877 -21.0867594466 15.0 extents  5.0 10.0 5.0 orientation  0.529095696129 -0.848562162919 0.0 0.848562162919 0.529095696129 0.0 0.0 0.0 1.0 priority  0 tags_begin  tags_end # 
name rectangle active True additive True position  -53.0270492899 -6.09979016463 20.0 extents  5.0 10.0 5.0 orientation  0.931037704859 -0.364922994796 0.0 0.364922994796 0.931037704859 0.0 0.0 0.0 1.0 priority  0 tags_begin  tags_end # 
name rectangle active True additive True position  -53.1286971911 12.6565998853 25.0 extents  5.0 10.0 5.0 orientation  0.972705865779 0.232041588255 0.0 -0.232041588255 0.972705865779 0.0 0.0 0.0 1.0 priority  0 tags_begin  tags_end # 
name rectangle active True additive True position  -42.5022048026 28.1126718157 30.0 extents  5.0 10.0 5.0 orientation  0.688399726663 0.725331521672 0.0 -0.725331521672 0.688399726663 0.0 0.0 0.0 1.0 priority  0 tags_begin  tags_end # 
name rectangle active True additive True position  -25.1622050184 35.263679261 35.0 extents  5.0 10.0 5.0 orientation  0.209249730351 0.977862234851 0.0 -0.977862234851 0.209249730351 0.0 0.0 0.0 1.0 priority  0 tags_begin  tags_end # 
name rectangle active True additive True position  -6.6371802286 32.3249794569 40.0 extents  5.0 10.0 5.0 orientation  -0.305288660446 0.952259856238 0.0 -0.952259856238 -0.305288660446 0.0 0.0 0.0 1.0 priority  0 tags_begin  tags_end # 
name rectangle active True additive True position  7.96666879757 20.5546738695 45.0 extents  5.0 10.0 5.0 orientation  -0.720995773924 0.692939459105 0.0 -0.692939459105 -0.720995773924 0.0 0.0 0.0 1.0 priority  0 tags_begin  tags_end # 
name rectangle active True additive True position  15.2263878579 3.25990647686 50.0 extents  5.0 10.0 5.0 orientation  -0.956711629708 0.291037553558 0.0 -0.291037553558 -0.956711629708 0.0 0.0 0.0 1.0 priority  0 tags_begin  tags_end # 
name rectangle active True additive True position  13.8617415447 -15.4470505296 55.0 extents  5.0 10.0 5.0 orientation  -0.988557367786 -0.150845386393 0.0 0.150845386393 -0.988557367786 0.0 0.0 0.0 1.0 priority  0 tags_begin  tags_end # 
name rectangle active True additive True position  4.54918505022 -31.7285981076 60.0 extents  5.0 10.0 5.0 orientation  -0.8387454173 -0.544523759774 0.0 0.544523759774 -0.8387454173 0.0 0.0 0.0 1.0 priority  0 tags_begin  tags_end # 
name rectangle active True additive True position  -10.6415123126 -42.7311075319 65.0 extents  5.0 10.0 5.0 orientation  -0.557853480291 -0.829939452326 0.0 0.829939452326 -0.557853480291 0.0 0.0 0.0 1.0 priority  0 tags_begin  tags_end # 
name rectangle active True additive True position  -28.9309637203 -46.8914521338 70.0 extents  5.0 10.0 5.0 orientation  -0.207264742487 -0.978284890265 0.0 0.978284890265 -0.207264742487 0.0 0.0 0.0 1.0 priority  0 tags_begin  tags_end # 
name rectangle active True additive True position  -47.4499863117 -43.9151621181 75.0 extents  5.0 10.0 5.0 orientation  0.15446894674 -0.987997643971 0.0 0.987997643971 0.15446894674 0.0 0.0 0.0 1.0 priority  0 tags_begin  tags_end # 
name rectangle active True additive True position  -63.6972796907 -34.5429714533 80.0 extents  5.0 10.0 5.0 orientation  0.480096400984 -0.877215735017 0.0 0.877215735017 0.480096400984 0.0 0.0 0.0 1.0 priority  0 tags_begin  tags_end # 
name rectangle active True additive True position  -75.8079043469 -20.2200782247 85.0 extents  5.0 10.0 5.0 orientation  0.737361207027 -0.675498667928 0.0 0.675498667928 0.737361207027 0.0 0.0 0.0 1.0 priority  0 tags_begin  tags_end # 
name rectangle active True additive True position  -82.6519428882 -2.75664109324 90.0 extents  5.0 10.0 5.0 orientation  0.909103524205 -0.416570260913 0.0 0.416570260913 0.909103524205 0.0 0.0 0.0 1.0 priority  0 tags_begin  tags_end # 
name rectangle active True additive True position  -83.8054736658 15.9645198415 95.0 extents  5.0 10.0 5.0 orientation  0.991129160294 -0.1329021731 0.0 0.1329021731 0.991129160294 0.0 0.0 0.0 1.0 priority  0 tags_begin  tags_end # 
name rectangle active True additive True position  -79.441139863 34.2063698151 100.0 extents  5.0 10.0 5.0 orientation  0.9890299538 0.147715099048 0.0 -0.147715099048 0.9890299538 0.0 0.0 0.0 1.0 priority  0 tags_begin  tags_end # 
name rectangle active True additive True position  -70.1801734415 50.517317088 105.0 extents  5.0 10.0 5.0 orientation  0.914820090847 0.403861611673 0.0 -0.403861611673 0.914820090847 0.0 0.0 0.0 1.0 priority  0 tags_begin  tags_end # 
name rectangle active True additive True position  -56.937559624 63.800602799 110.0 extents  5.0 10.0 5.0 orientation  0.783923028042 0.620858024113 0.0 -0.620858024113 0.783923028042 0.0 0.0 0.0 1.0 priority  0 tags_begin  tags_end # 
name rectangle active True additive True position  -40.7810637628 73.328464127 115.0 extents  5.0 10.0 5.0 orientation  0.612770817646 0.790260669046 0.0 -0.790260669046 0.612770817646 0.0 0.0 0.0 1.0 priority  0 tags_begin  tags_end # 
name rectangle active True additive True position  -22.8152990353 78.7176939197 120.0 extents  5.0 10.0 5.0 orientation  0.417083860293 0.908868006634 0.0 -0.908868006634 0.417083860293 0.0 0.0 0.0 1.0 priority  0 tags_begin  tags_end # 
name rectangle active True additive True position  -4.09479286227 79.8818024301 125.0 extents  5.0 10.0 5.0 orientation  0.210780322035 0.977533455101 0.0 -0.977533455101 0.210780322035 0.0 0.0 0.0 1.0 priority  0 tags_begin  tags_end # 
name rectangle active True additive True position  14.4348097757 76.9721072438 130.0 extents  5.0 10.0 5.0 orientation  0.00540492271919 0.999985393299 0.0 -0.999985393299 0.00540492271919 0.0 0.0 0.0 1.0 priority  0 tags_begin  tags_end # 
name rectangle active True additive True position  31.9710373868 70.3167919866 135.0 extents  5.0 10.0 5.0 orientation  -0.190051732625 0.981774077335 0.0 -0.981774077335 -0.190051732625 0.0 0.0 0.0 1.0 priority  0 tags_begin  tags_end # 
name rectangle active True additive True position  47.869234545 60.3639116436 140.0 extents  5.0 10.0 5.0 orientation  -0.369065780852 0.929403275981 0.0 -0.929403275981 -0.369065780852 0.0 0.0 0.0 1.0 priority  0 tags_begin  tags_end # 
name rectangle active True additive True position  61.6425978539 47.6317883659 145.0 extents  5.0 10.0 5.0 orientation  -0.527328248553 0.849661649292 0.0 -0.849661649292 -0.527328248553 0.0 0.0 0.0 1.0 priority  0 tags_begin  tags_end # 
name rectangle active True additive True position  72.9522110387 32.6683278835 150.0 extents  5.0 10.0 5.0 orientation  -0.662409002528 0.749142385244 0.0 -0.749142385244 -0.662409002528 0.0 0.0 0.0 1.0 priority  0 tags_begin  tags_end # 
name rectangle active True additive True position  81.5909420135 16.0194592388 155.0 extents  5.0 10.0 5.0 orientation  -0.773394120256 0.633925496216 0.0 -0.633925496216 -0.773394120256 0.0 0.0 0.0 1.0 priority  0 tags_begin  tags_end # 
name rectangle active True additive True position  87.4642278855 -1.79393496513 160.0 extents  5.0 10.0 5.0 orientation  -0.860534777376 0.509391693028 0.0 -0.509391693028 -0.860534777376 0.0 0.0 0.0 1.0 priority  0 tags_begin  tags_end # 
name rectangle active True additive True position  90.5699727662 -20.2916874972 165.0 extents  5.0 10.0 5.0 orientation  -0.924930297175 0.380136745616 0.0 -0.380136745616 -0.924930297175 0.0 0.0 0.0 1.0 priority  0 tags_begin  tags_end # 
name rectangle active True additive True position  90.9790863086 -39.0438907306 170.0 extents  5.0 10.0 5.0 orientation  -0.968256598215 0.249958316552 0.0 -0.249958316552 -0.968256598215 0.0 0.0 0.0 1.0 priority  0 tags_begin  tags_end # 
name rectangle active True additive True position  88.8176248103 -57.6755998361 175.0 extents  5.0 10.0 5.0 orientation  -0.992543400492 0.121891747629 0.0 -0.121891747629 -0.992543400492 0.0 0.0 0.0 1.0 priority  0 tags_begin  tags_end # 
name rectangle active True additive True position  84.2510624405 -75.8678786412 180.0 extents  5.0 10.0 5.0 orientation  -0.99999851411 -0.00172388451616 0.0 0.00172388451616 -0.99999851411 0.0 0.0 0.0 1.0 priority  0 tags_begin  tags_end # 
name rectangle active True additive True position  77.4709044912 -93.3562164177 185.0 extents  5.0 10.0 5.0 orientation  -0.992874635371 -0.119163578486 0.0 0.119163578486 -0.992874635371 0.0 0.0 0.0 1.0 priority  0 tags_begin  tags_end # 
name rectangle active True additive True position  68.6836380789 -109.927168382 190.0 extents  5.0 10.0 5.0 orientation  -0.973372692971 -0.229228271769 0.0 0.229228271769 -0.973372692971 0.0 0.0 0.0 1.0 priority  0 tags_begin  tags_end # 
name rectangle active True additive True position  58.1018776454 -125.413899674 195.0 extents  5.0 10.0 5.0 orientation  -0.943575417412 -0.331157714172 0.0 0.331157714172 -0.943575417412 0.0 0.0 0.0 1.0 priority  0 tags_begin  tags_end # 
name rectangle active True additive True position  45.9374835799 -139.691154908 200.0 extents  5.0 10.0 5.0 orientation  -0.905405064925 -0.42454878213 0.0 0.42454878213 -0.905405064925 0.0 0.0 0.0 1.0 priority  0 tags_begin  tags_end # 
name rectangle active True additive True position  32.3963957043 -152.670039265 205.0 extents  5.0 10.0 5.0 orientation  -0.860599834887 -0.509281772884 0.0 0.509281772884 -0.860599834887 0.0 0.0 0.0 1.0 priority  0 tags_begin  tags_end # 
name rectangle active True additive True position  17.6749157934 -164.292884409 210.0 extents  5.0 10.0 5.0 orientation  -0.810704285697 -0.585455857561 0.0 0.585455857561 -0.810704285697 0.0 0.0 0.0 1.0 priority  0 tags_begin  tags_end # 
name rectangle active True additive True position  1.9571843576 -174.52838237 215.0 extents  5.0 10.0 5.0 orientation  -0.757069854625 -0.653333938517 0.0 0.653333938517 -0.757069854625 0.0 0.0 0.0 1.0 priority  0 tags_begin  tags_end # 
name rectangle active True additive True position  -14.5863810852 -183.367100741 220.0 extents  5.0 10.0 5.0 orientation  -0.700862347718 -0.713296550918 0.0 0.713296550918 -0.700862347718 0.0 0.0 0.0 1.0 priority  0 tags_begin  tags_end # 
name rectangle active True additive True position  -31.7998915733 -190.817440107 225.0 extents  5.0 10.0 5.0 orientation  -0.643073946423 -0.765804086847 0.0 0.765804086847 -0.643073946423 0.0 0.0 0.0 1.0 priority  0 tags_begin  tags_end # 
name rectangle active True additive True position  -49.5422122315 -196.902056583 230.0 extents  5.0 10.0 5.0 orientation  -0.584537861291 -0.811366433073 0.0 0.811366433073 -0.584537861291 0.0 0.0 0.0 1.0 priority  0 tags_begin  tags_end # 
name rectangle active True additive True position  -67.686755374 -201.654745733 235.0 extents  5.0 10.0 5.0 orientation  -0.525944247431 -0.85051904658 0.0 0.85051904658 -0.525944247431 0.0 0.0 0.0 1.0 priority  0 tags_begin  tags_end # 
name rectangle active True additive True position  -86.1209623593 -205.117766498 240.0 extents  5.0 10.0 5.0 orientation  -0.46785638738 -0.883804503716 0.0 0.883804503716 -0.46785638738 0.0 0.0 0.0 1.0 priority  0 tags_begin  tags_end # 
name spiral_segment active True additive True position  -104.745571789 -207.339572878 245.0 extents  5.0 10.0 5.0 orientation  -0.410726455139 -0.911758618851 0.0 0.911758618851 -0.410726455139 0.0 0.0 0.0 1.0 priority  0 tags_begin  tags_end # 

