name rectangle active True additive True position  0.0 0.0 0.0 extents  80.0 33.0 151.0 orientation  1.0 0.0 0.0 0.0 1.0 0.0 0.0 0.0 1.0 priority  0 tags_begin  main_body tags_end # 
name rectangle active True additive False position  0.0 -33.0 151.0 extents  80.0 33.0 33.0 orientation  1.0 0.0 0.0 0.0 0.707106781187 0.707106781187 0.0 -0.707106781187 0.707106781187 priority  -5 tags_begin  tags_end # 
name rectangle active True additive False position  104.0 42.9 111.738794248 extents  33.0 119.906044859 33.0 orientation  0.707106781187 4.32963728536e-17 0.707106781187 -0.707106781187 4.32963728536e-17 0.707106781187 0.0 -1.0 6.12303176911e-17 priority  -15 tags_begin  tags_end # 
name ellipsoid active True additive True position  54.3228228603 49.5 -88.6063765428 extents  38.482373441 10.1022528071 61.5012940045 orientation  1.0 0.0 0.0 0.0 1.0 0.0 0.0 0.0 1.0 priority  -20 tags_begin  turret tags_end # 
name cylinder active True additive True position  39.0166689299 -33.0 19.2569735418 extents  33.0 20.0 119.505191578 orientation  6.12303176911e-17 1.0 0.0 -1.0 6.12303176911e-17 0.0 0.0 0.0 1.0 priority  -20 tags_begin  tread tags_end # 
name rectangle active True additive True position  0.0 33.0 0.0 extents  60.5965966386 4.34007056994 96.3074064456 orientation  1.0 0.0 0.0 0.0 1.0 0.0 0.0 0.0 1.0 priority  0 tags_begin  tags_end # 
name rectangle active True additive True position  -11.0199254831 21.4752353493 -122.103633379 extents  86.4397698237 11.3014505473 25.9650355078 orientation  1.0 0.0 0.0 0.0 1.0 0.0 0.0 0.0 1.0 priority  -10 tags_begin  tags_end # 
name rectangle active True additive False position  0.0 -33.0 -151.0 extents  80.0 33.0 33.0 orientation  1.0 0.0 0.0 0.0 0.707106781187 0.707106781187 0.0 0.707106781187 -0.707106781187 priority  -5 tags_begin  tags_end # 
name rectangle active True additive False position  -104.0 42.9 111.738794248 extents  33.0 119.906044859 33.0 orientation  -0.707106781187 -4.32963728536e-17 -0.707106781187 -0.707106781187 4.32963728536e-17 0.707106781187 0.0 -1.0 6.12303176911e-17 priority  -15 tags_begin  tags_end # 
name ellipsoid active True additive True position  -54.3228228603 49.5 -88.6063765428 extents  38.482373441 10.1022528071 61.5012940045 orientation  -1.0 0.0 0.0 0.0 1.0 0.0 0.0 0.0 1.0 priority  -20 tags_begin  turret tags_end # 
name cylinder active True additive True position  43.2391970204 54.2794562461 -19.3561735722 extents  11.3834521342 69.2502029706 11.3834521342 orientation  1.0 0.0 0.0 0.0 6.12303176911e-17 -1.0 0.0 1.0 6.12303176911e-17 priority  -20 tags_begin  gun tags_end # 
name cylinder active True additive True position  -39.0166689299 -33.0 19.2569735418 extents  33.0 20.0 119.505191578 orientation  -6.12303176911e-17 -1.0 0.0 -1.0 6.12303176911e-17 0.0 0.0 0.0 1.0 priority  -20 tags_begin  tread tags_end # 
name cylinder active True additive True position  -43.2391970204 54.2794562461 -19.3561735722 extents  11.3834521342 69.2502029706 11.3834521342 orientation  -1.0 0.0 0.0 0.0 6.12303176911e-17 -1.0 0.0 1.0 6.12303176911e-17 priority  -20 tags_begin  gun tags_end # 
name cylinder active True additive True position  43.2391970204 54.2794562461 35.1858214085 extents  7.04405326949 19.5325270787 12.5398916735 orientation  1.0 0.0 0.0 0.0 6.12303176911e-17 -1.0 0.0 1.0 6.12303176911e-17 priority  -20 tags_begin  gun_tip tags_end # 
name cylinder active True additive True position  -43.2391970204 54.2794562461 35.1858214085 extents  7.04405326949 19.5325270787 12.5398916735 orientation  -1.0 0.0 0.0 0.0 6.12303176911e-17 -1.0 0.0 1.0 6.12303176911e-17 priority  -20 tags_begin  gun_tip tags_end # 

