name rectangle active True additive True position  0.0 0.0 0.0 extents  75.0 34.0 151.0 orientation  1.0 0.0 0.0 0.0 1.0 0.0 0.0 0.0 1.0 priority  0 tags_begin  main_body tags_end # 
name rectangle active True additive False position  0.0 -34.0 151.0 extents  75.0 34.0 34.0 orientation  1.0 0.0 0.0 0.0 0.707106781187 0.707106781187 0.0 -0.707106781187 0.707106781187 priority  -5 tags_begin  tags_end # 
name rectangle active True additive False position  97.5 44.2 8.69820916879 extents  34.0 181.403151938 34.0 orientation  0.707106781187 4.32963728536e-17 0.707106781187 -0.707106781187 4.32963728536e-17 0.707106781187 0.0 -1.0 6.12303176911e-17 priority  -15 tags_begin  tags_end # 
name ellipsoid active True additive True position  22.3877070915 51.0 87.1978552726 extents  38.2109020043 23.3596289658 51.2442176879 orientation  1.0 0.0 0.0 0.0 1.0 0.0 0.0 0.0 1.0 priority  -20 tags_begin  turret tags_end # 
name cylinder active True additive True position  49.4495701824 -34.0 -24.5301536302 extents  34.0 18.75 145.131750415 orientation  6.12303176911e-17 1.0 0.0 -1.0 6.12303176911e-17 0.0 0.0 0.0 1.0 priority  -20 tags_begin  tread tags_end # 
name rectangle active True additive True position  0.0 34.0 0.0 extents  49.0378294995 3.89631204212 94.7524605149 orientation  1.0 0.0 0.0 0.0 1.0 0.0 0.0 0.0 1.0 priority  0 tags_begin  tags_end # 
name rectangle active True additive True position  -5.41533110064 17.4691585789 -143.376605855 extents  29.9790127307 11.8001503901 40.0976353029 orientation  1.0 0.0 0.0 0.0 1.0 0.0 0.0 0.0 1.0 priority  -10 tags_begin  tags_end # 
name rectangle active True additive False position  0.0 -34.0 -151.0 extents  75.0 34.0 34.0 orientation  1.0 0.0 0.0 0.0 0.707106781187 0.707106781187 0.0 0.707106781187 -0.707106781187 priority  -5 tags_begin  tags_end # 
name rectangle active True additive False position  -97.5 44.2 8.69820916879 extents  34.0 181.403151938 34.0 orientation  -0.707106781187 -4.32963728536e-17 -0.707106781187 -0.707106781187 4.32963728536e-17 0.707106781187 0.0 -1.0 6.12303176911e-17 priority  -15 tags_begin  tags_end # 
name cylinder active True additive True position  16.6160142185 52.9960446608 149.377056628 extents  4.76261036041 62.1792013556 4.76261036041 orientation  1.0 0.0 0.0 0.0 6.12303176911e-17 -1.0 0.0 1.0 6.12303176911e-17 priority  -20 tags_begin  gun tags_end # 
name cylinder active True additive True position  -49.4495701824 -34.0 -24.5301536302 extents  34.0 18.75 145.131750415 orientation  -6.12303176911e-17 -1.0 0.0 -1.0 6.12303176911e-17 0.0 0.0 0.0 1.0 priority  -20 tags_begin  tread tags_end # 
name cylinder active True additive True position  28.1593999645 52.9960446608 149.377056628 extents  4.76261036041 62.1792013556 4.76261036041 orientation  -1.0 0.0 0.0 0.0 6.12303176911e-17 -1.0 0.0 1.0 6.12303176911e-17 priority  -20 tags_begin  gun tags_end # 
name ellipsoid active True additive True position  16.6160142185 52.9960446608 201.972435398 extents  4.834100633 20.4014488143 5.41611213403 orientation  1.0 0.0 0.0 0.0 6.12303176911e-17 -1.0 0.0 1.0 6.12303176911e-17 priority  -20 tags_begin  gun_tip tags_end # 
name ellipsoid active True additive True position  28.1593999645 52.9960446608 201.972435398 extents  4.834100633 20.4014488143 5.41611213403 orientation  -1.0 0.0 0.0 0.0 6.12303176911e-17 -1.0 0.0 1.0 6.12303176911e-17 priority  -20 tags_begin  gun_tip tags_end # 

