name rectangle active True additive True position  0.0 0.0 0.0 extents  92.0 34.0 165.0 orientation  1.0 0.0 0.0 0.0 1.0 0.0 0.0 0.0 1.0 priority  0 tags_begin  main_body tags_end # 
name rectangle active True additive False position  0.0 -34.0 165.0 extents  92.0 34.0 34.0 orientation  1.0 0.0 0.0 0.0 0.707106781187 0.707106781187 0.0 -0.707106781187 0.707106781187 priority  -5 tags_begin  tags_end # 
name rectangle active True additive False position  119.6 44.2 137.99765988 extents  34.0 100.672006023 34.0 orientation  0.707106781187 4.32963728536e-17 0.707106781187 -0.707106781187 4.32963728536e-17 0.707106781187 0.0 -1.0 6.12303176911e-17 priority  -15 tags_begin  tags_end # 
name ellipsoid active True additive True position  11.2860235101 51.0 15.8597488252 extents  61.9511351834 23.6684167145 52.8551850798 orientation  1.0 0.0 0.0 0.0 1.0 0.0 0.0 0.0 1.0 priority  -20 tags_begin  turret tags_end # 
name cylinder active True additive True position  68.6718581977 -34.0 59.8943357093 extents  34.0 23.0 173.866375577 orientation  6.12303176911e-17 1.0 0.0 -1.0 6.12303176911e-17 0.0 0.0 0.0 1.0 priority  -20 tags_begin  tread tags_end # 
name rectangle active True additive True position  0.0 34.0 0.0 extents  79.4436306103 3.65264876965 123.533508907 orientation  1.0 0.0 0.0 0.0 1.0 0.0 0.0 0.0 1.0 priority  0 tags_begin  tags_end # 
name rectangle active True additive True position  17.1951962009 19.9475816238 -135.724852796 extents  69.8951484809 23.8237438957 17.8106545312 orientation  1.0 0.0 0.0 0.0 1.0 0.0 0.0 0.0 1.0 priority  -10 tags_begin  tags_end # 
name rectangle active True additive False position  0.0 -34.0 -165.0 extents  92.0 34.0 34.0 orientation  1.0 0.0 0.0 0.0 0.707106781187 0.707106781187 0.0 0.707106781187 -0.707106781187 priority  -5 tags_begin  tags_end # 
name rectangle active True additive False position  -119.6 44.2 137.99765988 extents  34.0 100.672006023 34.0 orientation  -0.707106781187 -4.32963728536e-17 -0.707106781187 -0.707106781187 4.32963728536e-17 0.707106781187 0.0 -1.0 6.12303176911e-17 priority  -15 tags_begin  tags_end # 
name cylinder active True additive True position  7.25940096963 55.2365849786 87.5849707442 extents  4.96855585977 71.725221919 4.96855585977 orientation  1.0 0.0 0.0 0.0 6.12303176911e-17 -1.0 0.0 1.0 6.12303176911e-17 priority  -20 tags_begin  gun tags_end # 
name cylinder active True additive True position  -68.6718581977 -34.0 59.8943357093 extents  34.0 23.0 173.866375577 orientation  -6.12303176911e-17 -1.0 0.0 -1.0 6.12303176911e-17 0.0 0.0 0.0 1.0 priority  -20 tags_begin  tread tags_end # 
name cylinder active True additive True position  15.3126460506 55.2365849786 87.5849707442 extents  4.96855585977 71.725221919 4.96855585977 orientation  -1.0 0.0 0.0 0.0 6.12303176911e-17 -1.0 0.0 1.0 6.12303176911e-17 priority  -20 tags_begin  gun tags_end # 
name ellipsoid active True additive True position  7.25940096963 55.2365849786 140.565649294 extents  5.04247685921 24.5149013162 5.57432853779 orientation  1.0 0.0 0.0 0.0 6.12303176911e-17 -1.0 0.0 1.0 6.12303176911e-17 priority  -20 tags_begin  gun_tip tags_end # 
name ellipsoid active True additive True position  15.3126460506 55.2365849786 140.565649294 extents  5.04247685921 24.5149013162 5.57432853779 orientation  -1.0 0.0 0.0 0.0 6.12303176911e-17 -1.0 0.0 1.0 6.12303176911e-17 priority  -20 tags_begin  gun_tip tags_end # 

