name rectangle active True additive True position  0.0 0.0 0.0 extents  85.0 15.0 135.0 orientation  1.0 0.0 0.0 0.0 1.0 0.0 0.0 0.0 1.0 priority  0 tags_begin  main_body tags_end # 
name rectangle active True additive False position  0.0 -15.0 135.0 extents  85.0 15.0 15.0 orientation  1.0 0.0 0.0 0.0 0.707106781187 0.707106781187 0.0 -0.707106781187 0.707106781187 priority  -5 tags_begin  tags_end # 
name rectangle active True additive False position  110.5 19.5 112.611229019 extents  15.0 182.449297858 15.0 orientation  0.707106781187 4.32963728536e-17 0.707106781187 -0.707106781187 4.32963728536e-17 0.707106781187 0.0 -1.0 6.12303176911e-17 priority  -15 tags_begin  tags_end # 
name ellipsoid active True additive True position  -39.2301638062 22.5 71.4652192102 extents  60.5108742858 10.7916683407 46.5204807255 orientation  1.0 0.0 0.0 0.0 1.0 0.0 0.0 0.0 1.0 priority  -20 tags_begin  turret tags_end # 
name cylinder active True additive True position  65.1424032337 -15.0 29.0881264992 extents  15.0 21.25 118.918020751 orientation  6.12303176911e-17 1.0 0.0 -1.0 6.12303176911e-17 0.0 0.0 0.0 1.0 priority  -20 tags_begin  tread tags_end # 
name rectangle active True additive True position  0.0 15.0 0.0 extents  66.7765878372 2.70578260821 80.2889559826 orientation  1.0 0.0 0.0 0.0 1.0 0.0 0.0 0.0 1.0 priority  0 tags_begin  tags_end # 
name rectangle active True additive True position  -2.7109710215 10.0625021209 -115.468508916 extents  85.9004848237 6.36614468037 40.1817817416 orientation  1.0 0.0 0.0 0.0 1.0 0.0 0.0 0.0 1.0 priority  -10 tags_begin  tags_end # 
name rectangle active True additive False position  0.0 -15.0 -135.0 extents  85.0 15.0 15.0 orientation  1.0 0.0 0.0 0.0 0.707106781187 0.707106781187 0.0 0.707106781187 -0.707106781187 priority  -5 tags_begin  tags_end # 
name rectangle active True additive False position  -110.5 19.5 112.611229019 extents  15.0 182.449297858 15.0 orientation  -0.707106781187 -4.32963728536e-17 -0.707106781187 -0.707106781187 4.32963728536e-17 0.707106781187 0.0 -1.0 6.12303176911e-17 priority  -15 tags_begin  tags_end # 
name cylinder active True additive True position  -83.1901075543 24.5347741692 136.009749333 extents  8.01151047171 64.5445301227 8.01151047171 orientation  1.0 0.0 0.0 0.0 6.12303176911e-17 -1.0 0.0 1.0 6.12303176911e-17 priority  -20 tags_begin  gun tags_end # 
name cylinder active True additive True position  -65.1424032337 -15.0 29.0881264992 extents  15.0 21.25 118.918020751 orientation  -6.12303176911e-17 -1.0 0.0 -1.0 6.12303176911e-17 0.0 0.0 0.0 1.0 priority  -20 tags_begin  tread tags_end # 
name cylinder active True additive True position  4.7297799419 24.5347741692 136.009749333 extents  8.01151047171 64.5445301227 8.01151047171 orientation  -1.0 0.0 0.0 0.0 6.12303176911e-17 -1.0 0.0 1.0 6.12303176911e-17 priority  -20 tags_begin  gun tags_end # 
name rectangle active True additive True position  -83.1901075543 24.5347741692 179.137609838 extents  4.28873063745 14.2502576119 9.48792918423 orientation  1.0 0.0 0.0 0.0 6.12303176911e-17 -1.0 0.0 1.0 6.12303176911e-17 priority  -20 tags_begin  gun_tip tags_end # 
name rectangle active True additive True position  4.7297799419 24.5347741692 179.137609838 extents  4.28873063745 14.2502576119 9.48792918423 orientation  -1.0 0.0 0.0 0.0 6.12303176911e-17 -1.0 0.0 1.0 6.12303176911e-17 priority  -20 tags_begin  gun_tip tags_end # 

