name rectangle active True additive True position  0.0 0.0 0.0 extents  70.0 33.0 148.0 orientation  1.0 0.0 0.0 0.0 1.0 0.0 0.0 0.0 1.0 priority  0 tags_begin  main_body tags_end # 
name rectangle active True additive False position  0.0 -33.0 148.0 extents  70.0 33.0 33.0 orientation  1.0 0.0 0.0 0.0 0.707106781187 0.707106781187 0.0 -0.707106781187 0.707106781187 priority  -5 tags_begin  tags_end # 
name rectangle active True additive False position  91.0 42.9 62.7754013174 extents  33.0 133.928115325 33.0 orientation  0.707106781187 4.32963728536e-17 0.707106781187 -0.707106781187 4.32963728536e-17 0.707106781187 0.0 -1.0 6.12303176911e-17 priority  -15 tags_begin  tags_end # 
name ellipsoid active True additive True position  7.46361658448 49.5 32.5627227651 extents  35.3558900244 24.077690522 41.4088955752 orientation  1.0 0.0 0.0 0.0 1.0 0.0 0.0 0.0 1.0 priority  -20 tags_begin  turret tags_end # 
name cylinder active True additive True position  49.6751619667 -33.0 -64.307805655 extents  33.0 17.5 161.306041928 orientation  6.12303176911e-17 1.0 0.0 -1.0 6.12303176911e-17 0.0 0.0 0.0 1.0 priority  -20 tags_begin  tread tags_end # 
name rectangle active True additive True position  0.0 33.0 0.0 extents  35.5535313682 7.59839055638 103.375702665 orientation  1.0 0.0 0.0 0.0 1.0 0.0 0.0 0.0 1.0 priority  0 tags_begin  tags_end # 
name rectangle active True additive True position  13.3302742755 19.934528219 -120.894810473 extents  62.3652467985 15.4737142078 34.1511980523 orientation  1.0 0.0 0.0 0.0 1.0 0.0 0.0 0.0 1.0 priority  -10 tags_begin  tags_end # 
name rectangle active True additive False position  0.0 -33.0 -148.0 extents  70.0 33.0 33.0 orientation  1.0 0.0 0.0 0.0 0.707106781187 0.707106781187 0.0 0.707106781187 -0.707106781187 priority  -5 tags_begin  tags_end # 
name rectangle active True additive False position  -91.0 42.9 62.7754013174 extents  33.0 133.928115325 33.0 orientation  -0.707106781187 -4.32963728536e-17 -0.707106781187 -0.707106781187 4.32963728536e-17 0.707106781187 0.0 -1.0 6.12303176911e-17 priority  -15 tags_begin  tags_end # 
name cylinder active True additive True position  -1.50479213277 60.4458759281 97.3117292307 extents  7.26564822311 64.7490064656 7.26564822311 orientation  1.0 0.0 0.0 0.0 6.12303176911e-17 -1.0 0.0 1.0 6.12303176911e-17 priority  -20 tags_begin  gun tags_end # 
name cylinder active True additive True position  -49.6751619667 -33.0 -64.307805655 extents  33.0 17.5 161.306041928 orientation  -6.12303176911e-17 -1.0 0.0 -1.0 6.12303176911e-17 0.0 0.0 0.0 1.0 priority  -20 tags_begin  tread tags_end # 
name cylinder active True additive True position  16.4320253017 60.4458759281 97.3117292307 extents  7.26564822311 64.7490064656 7.26564822311 orientation  -1.0 0.0 0.0 0.0 6.12303176911e-17 -1.0 0.0 1.0 6.12303176911e-17 priority  -20 tags_begin  gun tags_end # 
name cylinder active True additive True position  -1.50479213277 60.4458759281 151.912133862 extents  8.10298199059 15.1667907194 7.42678000036 orientation  1.0 0.0 0.0 0.0 6.12303176911e-17 -1.0 0.0 1.0 6.12303176911e-17 priority  -20 tags_begin  gun_tip tags_end # 
name cylinder active True additive True position  16.4320253017 60.4458759281 151.912133862 extents  8.10298199059 15.1667907194 7.42678000036 orientation  -1.0 0.0 0.0 0.0 6.12303176911e-17 -1.0 0.0 1.0 6.12303176911e-17 priority  -20 tags_begin  gun_tip tags_end # 

