name rectangle active True additive True position  0.0 0.0 0.0 extents  91.0 34.0 126.0 orientation  1.0 0.0 0.0 0.0 1.0 0.0 0.0 0.0 1.0 priority  0 tags_begin  main_body tags_end # 
name rectangle active True additive False position  0.0 -34.0 126.0 extents  91.0 34.0 34.0 orientation  1.0 0.0 0.0 0.0 0.707106781187 0.707106781187 0.0 -0.707106781187 0.707106781187 priority  -5 tags_begin  tags_end # 
name rectangle active True additive False position  118.3 44.2 19.71962702 extents  34.0 153.513159793 34.0 orientation  0.707106781187 4.32963728536e-17 0.707106781187 -0.707106781187 4.32963728536e-17 0.707106781187 0.0 -1.0 6.12303176911e-17 priority  -15 tags_begin  tags_end # 
name ellipsoid active True additive True position  56.1929791511 51.0 -21.7214919129 extents  45.4239156562 13.937764454 65.9436331665 orientation  1.0 0.0 0.0 0.0 1.0 0.0 0.0 0.0 1.0 priority  -20 tags_begin  turret tags_end # 
name cylinder active True additive True position  39.3763082981 -34.0 45.1998356839 extents  34.0 22.75 102.983577897 orientation  6.12303176911e-17 1.0 0.0 -1.0 6.12303176911e-17 0.0 0.0 0.0 1.0 priority  -20 tags_begin  tread tags_end # 
name rectangle active True additive True position  0.0 34.0 0.0 extents  68.6562789945 6.38763776195 95.476112627 orientation  1.0 0.0 0.0 0.0 1.0 0.0 0.0 0.0 1.0 priority  0 tags_begin  tags_end # 
name rectangle active True additive True position  14.7614001303 23.9782258584 -125.973959817 extents  50.9191498511 17.8159176121 29.5002725977 orientation  1.0 0.0 0.0 0.0 1.0 0.0 0.0 0.0 1.0 priority  -10 tags_begin  tags_end # 
name rectangle active True additive False position  0.0 -34.0 -126.0 extents  91.0 34.0 34.0 orientation  1.0 0.0 0.0 0.0 0.707106781187 0.707106781187 0.0 0.707106781187 -0.707106781187 priority  -5 tags_begin  tags_end # 
name rectangle active True additive False position  -118.3 44.2 19.71962702 extents  34.0 153.513159793 34.0 orientation  -0.707106781187 -4.32963728536e-17 -0.707106781187 -0.707106781187 4.32963728536e-17 0.707106781187 0.0 -1.0 6.12303176911e-17 priority  -15 tags_begin  tags_end # 
name ellipsoid active True additive True position  -56.1929791511 51.0 -21.7214919129 extents  45.4239156562 13.937764454 65.9436331665 orientation  -1.0 0.0 0.0 0.0 1.0 0.0 0.0 0.0 1.0 priority  -20 tags_begin  turret tags_end # 
name cylinder active True additive True position  43.4034690724 56.2913496789 18.9049448467 extents  4.38544370689 40.6264367596 4.38544370689 orientation  1.0 0.0 0.0 0.0 6.12303176911e-17 -1.0 0.0 1.0 6.12303176911e-17 priority  -20 tags_begin  gun tags_end # 
name cylinder active True additive True position  -39.3763082981 -34.0 45.1998356839 extents  34.0 22.75 102.983577897 orientation  -6.12303176911e-17 -1.0 0.0 -1.0 6.12303176911e-17 0.0 0.0 0.0 1.0 priority  -20 tags_begin  tread tags_end # 
name cylinder active True additive True position  -43.4034690724 56.2913496789 18.9049448467 extents  4.38544370689 40.6264367596 4.38544370689 orientation  -1.0 0.0 0.0 0.0 6.12303176911e-17 -1.0 0.0 1.0 6.12303176911e-17 priority  -20 tags_begin  gun tags_end # 
name cylinder active True additive True position  68.9824892298 56.2913496789 18.9049448467 extents  4.38544370689 40.6264367596 4.38544370689 orientation  -1.0 0.0 0.0 0.0 6.12303176911e-17 -1.0 0.0 1.0 6.12303176911e-17 priority  -20 tags_begin  gun tags_end # 
name cylinder active True additive True position  43.4034690724 56.2913496789 51.1846353161 extents  5.14423612212 16.9465281979 4.65094574566 orientation  1.0 0.0 0.0 0.0 6.12303176911e-17 -1.0 0.0 1.0 6.12303176911e-17 priority  -20 tags_begin  gun_tip tags_end # 
name cylinder active True additive True position  -68.9824892298 56.2913496789 18.9049448467 extents  4.38544370689 40.6264367596 4.38544370689 orientation  1.0 0.0 0.0 0.0 6.12303176911e-17 -1.0 0.0 1.0 6.12303176911e-17 priority  -20 tags_begin  gun tags_end # 
name cylinder active True additive True position  -43.4034690724 56.2913496789 51.1846353161 extents  5.14423612212 16.9465281979 4.65094574566 orientation  -1.0 0.0 0.0 0.0 6.12303176911e-17 -1.0 0.0 1.0 6.12303176911e-17 priority  -20 tags_begin  gun_tip tags_end # 
name cylinder active True additive True position  68.9824892298 56.2913496789 51.1846353161 extents  5.14423612212 16.9465281979 4.65094574566 orientation  -1.0 0.0 0.0 0.0 6.12303176911e-17 -1.0 0.0 1.0 6.12303176911e-17 priority  -20 tags_begin  gun_tip tags_end # 
name cylinder active True additive True position  -68.9824892298 56.2913496789 51.1846353161 extents  5.14423612212 16.9465281979 4.65094574566 orientation  1.0 0.0 0.0 0.0 6.12303176911e-17 -1.0 0.0 1.0 6.12303176911e-17 priority  -20 tags_begin  gun_tip tags_end # 

