name rectangle active True additive True position  0.0 0.0 0.0 extents  63.0 31.0 158.0 orientation  1.0 0.0 0.0 0.0 1.0 0.0 0.0 0.0 1.0 priority  0 tags_begin  main_body tags_end # 
name rectangle active True additive False position  0.0 -31.0 158.0 extents  63.0 31.0 31.0 orientation  1.0 0.0 0.0 0.0 0.707106781187 0.707106781187 0.0 -0.707106781187 0.707106781187 priority  -5 tags_begin  tags_end # 
name rectangle active True additive False position  81.9 40.3 112.358721816 extents  31.0 87.2067821152 31.0 orientation  0.707106781187 4.32963728536e-17 0.707106781187 -0.707106781187 4.32963728536e-17 0.707106781187 0.0 -1.0 6.12303176911e-17 priority  -15 tags_begin  tags_end # 
name ellipsoid active True additive True position  25.4354969979 46.5 -58.3753531059 extents  36.1539698387 18.1340601919 32.2425672352 orientation  1.0 0.0 0.0 0.0 1.0 0.0 0.0 0.0 1.0 priority  -20 tags_begin  turret tags_end # 
name cylinder active True additive True position  36.2281865915 -31.0 -52.0816596365 extents  31.0 15.75 129.96362263 orientation  6.12303176911e-17 1.0 0.0 -1.0 6.12303176911e-17 0.0 0.0 0.0 1.0 priority  -20 tags_begin  tread tags_end # 
name rectangle active True additive True position  0.0 31.0 0.0 extents  54.6947209046 6.94734027993 111.446858066 orientation  1.0 0.0 0.0 0.0 1.0 0.0 0.0 0.0 1.0 priority  0 tags_begin  tags_end # 
name rectangle active True additive True position  3.29073959292 16.4321658412 -131.512844776 extents  55.2684373263 19.3458190881 17.1062770233 orientation  1.0 0.0 0.0 0.0 1.0 0.0 0.0 0.0 1.0 priority  -10 tags_begin  tags_end # 
name rectangle active True additive False position  0.0 -31.0 -158.0 extents  63.0 31.0 31.0 orientation  1.0 0.0 0.0 0.0 0.707106781187 0.707106781187 0.0 0.707106781187 -0.707106781187 priority  -5 tags_begin  tags_end # 
name rectangle active True additive False position  -81.9 40.3 112.358721816 extents  31.0 87.2067821152 31.0 orientation  -0.707106781187 -4.32963728536e-17 -0.707106781187 -0.707106781187 4.32963728536e-17 0.707106781187 0.0 -1.0 6.12303176911e-17 priority  -15 tags_begin  tags_end # 
name cylinder active True additive True position  -1.62476061608 54.915029484 -5.6422273901 extents  5.47805473854 52.7331257158 5.47805473854 orientation  1.0 0.0 0.0 0.0 6.12303176911e-17 -1.0 0.0 1.0 6.12303176911e-17 priority  -20 tags_begin  gun tags_end # 
name cylinder active True additive True position  -36.2281865915 -31.0 -52.0816596365 extents  31.0 15.75 129.96362263 orientation  -6.12303176911e-17 -1.0 0.0 -1.0 6.12303176911e-17 0.0 0.0 0.0 1.0 priority  -20 tags_begin  tread tags_end # 
name cylinder active True additive True position  52.4957546119 54.915029484 -5.6422273901 extents  5.47805473854 52.7331257158 5.47805473854 orientation  -1.0 0.0 0.0 0.0 6.12303176911e-17 -1.0 0.0 1.0 6.12303176911e-17 priority  -20 tags_begin  gun tags_end # 
name cylinder active True additive True position  -1.62476061608 54.915029484 35.9204899492 extents  3.12756260117 16.1291775607 6.37676835098 orientation  1.0 0.0 0.0 0.0 6.12303176911e-17 -1.0 0.0 1.0 6.12303176911e-17 priority  -20 tags_begin  gun_tip tags_end # 
name cylinder active True additive True position  52.4957546119 54.915029484 35.9204899492 extents  3.12756260117 16.1291775607 6.37676835098 orientation  -1.0 0.0 0.0 0.0 6.12303176911e-17 -1.0 0.0 1.0 6.12303176911e-17 priority  -20 tags_begin  gun_tip tags_end # 

