name rectangle active True additive True position  0.0 0.0 0.0 extents  84.0 23.0 129.0 orientation  1.0 0.0 0.0 0.0 1.0 0.0 0.0 0.0 1.0 priority  0 tags_begin  main_body tags_end # 
name rectangle active True additive False position  0.0 -23.0 129.0 extents  84.0 23.0 23.0 orientation  1.0 0.0 0.0 0.0 0.707106781187 0.707106781187 0.0 -0.707106781187 0.707106781187 priority  -5 tags_begin  tags_end # 
name rectangle active True additive False position  109.2 29.9 78.7915641106 extents  23.0 169.457286514 23.0 orientation  0.707106781187 4.32963728536e-17 0.707106781187 -0.707106781187 4.32963728536e-17 0.707106781187 0.0 -1.0 6.12303176911e-17 priority  -15 tags_begin  tags_end # 
name ellipsoid active True additive True position  51.8934867444 34.5 96.7957641428 extents  34.9381434542 8.97595729605 52.6309648854 orientation  1.0 0.0 0.0 0.0 1.0 0.0 0.0 0.0 1.0 priority  -20 tags_begin  turret tags_end # 
name cylinder active True additive True position  55.0638654555 -23.0 -50.3817004746 extents  23.0 21.0 135.764103704 orientation  6.12303176911e-17 1.0 0.0 -1.0 6.12303176911e-17 0.0 0.0 0.0 1.0 priority  -20 tags_begin  tread tags_end # 
name rectangle active True additive True position  0.0 23.0 0.0 extents  61.9905958402 5.52117111852 84.9837987657 orientation  1.0 0.0 0.0 0.0 1.0 0.0 0.0 0.0 1.0 priority  0 tags_begin  tags_end # 
name rectangle active True additive True position  -9.52415300766 13.8476207193 -121.512751475 extents  73.8652637523 11.9405183424 19.5504101138 orientation  1.0 0.0 0.0 0.0 1.0 0.0 0.0 0.0 1.0 priority  -10 tags_begin  tags_end # 
name rectangle active True additive False position  0.0 -23.0 -129.0 extents  84.0 23.0 23.0 orientation  1.0 0.0 0.0 0.0 0.707106781187 0.707106781187 0.0 0.707106781187 -0.707106781187 priority  -5 tags_begin  tags_end # 
name rectangle active True additive False position  -109.2 29.9 78.7915641106 extents  23.0 169.457286514 23.0 orientation  -0.707106781187 -4.32963728536e-17 -0.707106781187 -0.707106781187 4.32963728536e-17 0.707106781187 0.0 -1.0 6.12303176911e-17 priority  -15 tags_begin  tags_end # 
name ellipsoid active True additive True position  -51.8934867444 34.5 96.7957641428 extents  34.9381434542 8.97595729605 52.6309648854 orientation  -1.0 0.0 0.0 0.0 1.0 0.0 0.0 0.0 1.0 priority  -20 tags_begin  turret tags_end # 
name cylinder active True additive True position  46.3915477421 36.760820469 173.70137226 extents  9.29116719392 76.9056081176 9.29116719392 orientation  1.0 0.0 0.0 0.0 6.12303176911e-17 -1.0 0.0 1.0 6.12303176911e-17 priority  -20 tags_begin  gun tags_end # 
name cylinder active True additive True position  -55.0638654555 -23.0 -50.3817004746 extents  23.0 21.0 135.764103704 orientation  -6.12303176911e-17 -1.0 0.0 -1.0 6.12303176911e-17 0.0 0.0 0.0 1.0 priority  -20 tags_begin  tread tags_end # 
name cylinder active True additive True position  -46.3915477421 36.760820469 173.70137226 extents  9.29116719392 76.9056081176 9.29116719392 orientation  -1.0 0.0 0.0 0.0 6.12303176911e-17 -1.0 0.0 1.0 6.12303176911e-17 priority  -20 tags_begin  gun tags_end # 
name rectangle active True additive True position  46.3915477421 36.760820469 228.382787233 extents  6.02315863624 37.476630914 7.6924793104 orientation  1.0 0.0 0.0 0.0 6.12303176911e-17 -1.0 0.0 1.0 6.12303176911e-17 priority  -20 tags_begin  gun_tip tags_end # 
name rectangle active True additive True position  -46.3915477421 36.760820469 228.382787233 extents  6.02315863624 37.476630914 7.6924793104 orientation  -1.0 0.0 0.0 0.0 6.12303176911e-17 -1.0 0.0 1.0 6.12303176911e-17 priority  -20 tags_begin  gun_tip tags_end # 

